25309.8
41403.7
25409.2
8885.98
19889.2
42068.6
68359.4
53104.7
65693.1
8509.68
9073.6
17448.5
53430.3
76452.4
23627.2
5422.96
67822.1
83922.7
64962.8
73975.9
53677.8
48980.8
63567.5
28992.6
64280.1
51195.1
71795.9
83769.5
69049.8
7249.34
71782.6
47325.3
23509.4
596.78
76961.9
48544.1
80168.6
14797
43178.2
44473
10940.8
733.52
34129
64777.4
15187.6
70209.7
40200.3
33343.1
64840.7
40031.3
87762.1
34883.3
60048.8
79256.2
66662.2
5108.14
638.12
73960.4
10847.7
4091.6
36891.1
25391.9
58745.6
71127.7
88046.3
26531.3
27695.5
50806.8
72655.1
86291.4
85497.8
35708.4
10389.1
19897.7
77470.2
24524.6
46890.8
70195.3
5566.06
20655.3
85066
54118.9
82122.2
56156
56786.5
79138.6
62566.3
11204
23858.3
30537
65626.5
81480.7
56354.7
87140.6
22633.6
6666.34
284.08
1060
76736.5
79383.9
79086.4
54511.6
39834.1
82265.4
67123.9
15536.4
30289.7
88729
39358.8
46569.6
71650.5
6722.52
84548.7
25651.1
8221.36
26646.8
74786.3
48302.1
20625.3
13292.6
87153.9
18126.9
27403.9
84569.8
29266.9
43508.4
55583.3
15962.3
12307.1
5309.54
59738
47566.2
19988.7
58781.2
60430.6
37286.7
15246.4
57152.8
28085.4
42344.3
85972.8
11224.3
15757.9
77036.2
38238.3
24405.8
44542.3
12205.5
26593.9
3912.46
50526.3
1471.28
85715.3
42252.8
11455.4
45643.4
58992.1
61108.8
59924.5
59346.2
17148.9
78944.3
76463.5
72801.6
80839.1
60803.6
4182.76
40415
59425
85567.7
7587.48
58743.4
29053.1
20911
56213.7
69346.1
20322.5
53905.5
15770.7
3203.32
39891.8
36894.3
4059.8
16925.3
23163.8
30879.4
80690.3
85605.4
1638.76
9996.86
73265.6
6109.84
12645.3
45617
28110.2
57851
69337.3
61878.1
37864.4
4638.56
