-1,4	-0,3
-0,944	-0,788
-0,6224	0,4152
-0,75104	-0,06608
-0,544358	-0,350637
-0,782257	0,240255
-0,690617	-0,130309
-0,472745	-0,375282
-0,810902	0,250113
-0,716331	-0,134275
-0,713468	0,15371
-0,60372	-0,168567
-0,758512	0,167427
-0,696595	0,0330292
-0,721362	0,0867883
-0,58295	-0,222586
-0,76682	0,189034
-0,658397	-0,163062
-0,736641	0,165225
-0,625937	-0,169086
-0,749625	0,167634
-0,636769	-0,172448
-0,414965	-0,385768
-0,161066	-0,45917
-0,935573	0,283668
-0,625771	-0,0134672
-0,470199	-0,260543
-0,81192	0,204217
-0,675232	0,0183131
-0,520501	-0,256175
-0,791799	0,20247
-0,682756	-0,162843
-0,726898	0,165137
-0,709241	0,0339452
-0,552601	-0,257898
-0,77896	0,203159
-0,673273	-0,157183
-0,730691	0,162873
-0,620474	-0,168493
-0,404163	-0,376244
-0,156666	-0,447611
0,0599779	-0,402851
-1,02399	0,26114
-0,882689	-0,21113
-0,586392	-0,513534
-0,765443	0,305414
-0,703902	-0,0740628
-0,718439	0,129625
-0,712624	0,0481499
-0,560855	-0,248456
-0,326867	-0,413168
-0,869253	0,265267
-0,766739	-0,146098
-0,524283	-0,41773
-0,790287	0,267092
-0,683885	-0,00683685
-0,726446	0,102735
-0,709422	0,0589061
-0,562723	-0,239
-0,774911	0,1956
-0,667172	-0,161308
-0,733131	0,164523
-0,706748	0,0341907
-0,550804	-0,256714
-0,315926	-0,415424
-0,0739337	-0,442093
0,120648	-0,365564
0,237918	-0,22957
-1,09517	0,191828
-0,561933	0,0232688
-0,436377	-0,207089
-0,825449	0,182836
-0,66982	0,0268658
-0,51981	-0,24751
-0,296051	-0,396032
-0,0665864	-0,419405
-0,973365	0,267762
-0,846862	-0,185847
-0,569277	-0,479989
-0,240655	-0,592502
0,0541033	-0,546564
-1,02164	0,318625
-0,903898	-0,166501
-0,620362	-0,4881
-0,276235	-0,619101
0,0377017	-0,58101
-1,01508	0,332404
-0,904423	-0,153405
-0,625999	-0,478357
-0,7496	0,291343
-0,70016	-0,0165371
-0,719936	0,106615
-0,589797	-0,206947
-0,764081	0,182779
-0,653813	-0,166721
-0,738475	0,166688
-0,70461	0,0333247
-0,548834	-0,256517
-0,314507	-0,414487
-0,0732304	-0,440812
0,12067	-0,36431
-1,04827	0,245724
-0,580693	0,00171046
-0,767723	0,0993158
-0,623196	-0,231609
-0,750722	0,192644
-0,647606	-0,15388
-0,430629	-0,375991
-0,827749	0,250396
-0,668901	-0,00015853
-0,73244	0,100063
-0,707024	0,0599746
-0,561328	-0,237229
-0,331718	-0,404825
-0,867313	0,26193
-0,653075	-0,00477204
-0,73877	0,101909
-0,704492	0,0592365
-0,559108	-0,236777
-0,776357	0,194711
-0,667915	-0,162562
-0,442591	-0,390714
-0,180084	-0,473979
-0,927967	0,289591
-0,628813	-0,0158366
-0,471564	-0,263561
-0,811375	0,205424
-0,67545	0,0178302
-0,72982	0,0928679
-0,59181	-0,221348
-0,361236	-0,404949
-0,11256	-0,452256
0,0953566	-0,388738
0,227966	-0,257299
0,276174	-0,10436
0,251636	0,0311557
-1,10065	0,0875377
-0,871513	-0,373733
-0,651395	0,249493
-0,594857	-0,0709431
-0,423714	-0,29186
-0,205279	-0,391299
-0,917888	0,25652
-0,800203	-0,1722
-0,679919	0,16888
-0,728032	0,0324479
-0,708787	0,0870208
-0,716485	0,0651917
-0,713406	0,0739233
-0,571758	-0,229181
-0,342864	-0,40288
-0,0994242	-0,443335
0,101771	-0,376704
-1,04071	0,250682
-0,891211	-0,225765
-0,643516	0,190306
-0,742594	0,0238775
-0,573922	-0,278891
-0,324625	-0,441526
-0,87015	0,27661
-0,771958	-0,137836
-0,531554	-0,413539
-0,787378	0,265416
-0,704574	-0,113236
-0,71817	0,145294
-0,603927	-0,176845
-0,388247	-0,375973
-0,144679	-0,441038
-0,942129	0,276415
-0,623149	-0,0105661
-0,469366	-0,25729
-0,253803	-0,383287
-0,0395753	-0,392819
0,12705	-0,314373
-1,05082	0,225749
-0,888923	-0,248759
-0,576078	-0,544626
-0,769569	0,31785
-0,692172	-0,0271401
-0,515195	-0,297495
-0,27255	-0,432175
-0,89098	0,27287
-0,643608	-0,00914793
-0,742557	0,103659
-0,605807	-0,218242
-0,757677	0,187297
-0,650753	-0,160725
-0,430282	-0,382453
-0,827887	0,252981
-0,668845	-0,00119243
-0,732462	0,100477
-0,707015	0,0598092
-0,561255	-0,237351
-0,775498	0,19494
-0,667355	-0,162044
-0,442372	-0,390096
-0,823051	0,256038
-0,727934	-0,134631
-0,708826	0,153853
-0,716469	0,038459
-0,5599	-0,257359
-0,77604	0,202944
-0,670968	-0,156179
-0,447464	-0,387083
-0,185239	-0,473169
-0,925904	0,289267
-0,819394	-0,150518
-0,672242	0,160207
-0,574987	-0,147139
-0,770005	0,158856
-0,648746	-0,187272
-0,740502	0,174909
-0,632745	-0,16327
-0,415578	-0,377183
-0,833769	0,250873
-0,734014	-0,142844
-0,500713	-0,402167
-0,799715	0,260867
-0,680114	-0,00434669
-0,515148	-0,275349
-0,793941	0,21014
-0,687451	-0,15787
-0,72502	0,163148
-0,616274	-0,166015
-0,75349	0,166406
-0,698604	0,0334375
-0,720558	0,086625
-0,582274	-0,222388
-0,353573	-0,401925
-0,858571	0,26077
-0,656572	-0,00430799
-0,497271	-0,265903
-0,801091	0,206361
-0,679563	0,0174556
-0,52345	-0,258559
-0,79062	0,203424
-0,682241	-0,161646
-0,453844	-0,395747
-0,818462	0,258299
-0,725351	-0,131078
-0,70986	0,152431
-0,600466	-0,168096
-0,759814	0,167238
-0,644354	-0,176824
-0,418979	-0,392128
-0,161573	-0,465609
-0,935371	0,286244
-0,825379	-0,156603
-0,669848	0,162641
-0,574141	-0,144332
-0,770344	0,157733
-0,648554	-0,18826
-0,740578	0,175304
-0,703769	0,0298783
-0,718493	0,0880487
-0,581274	-0,22048
-0,353576	-0,400074
-0,85857	0,26003
-0,656572	-0,00401189
-0,49739	-0,265678
-0,271745	-0,400871
-0,891302	0,260348
-0,781529	-0,158656
-0,687388	0,163462
-0,5878	-0,150724
-0,386439	-0,34967
-0,845425	0,239868
-0,66183	0,00405275
-0,735268	0,0983789
-0,598155	-0,219339
-0,366862	-0,40596
-0,853255	0,262384
-0,658698	-0,00495358
-0,736521	0,101981
-0,705392	0,0592074
-0,717843	0,076317
-0,712863	0,0694732
-0,714855	0,0722107
-0,572174	-0,231062
-0,77113	0,192425
-0,691548	0,0230301
-0,723381	0,090788
-0,586085	-0,220353
-0,357283	-0,401903
-0,110774	-0,448359
-0,95569	0,279344
-0,617724	-0,0117375
-0,464775	-0,25601
-0,81409	0,202404
-0,674364	0,0190384
-0,730254	0,0923846
-0,591947	-0,221889
-0,361124	-0,405415
-0,85555	0,262166
-0,65778	-0,00486638
-0,736888	0,101947
-0,705245	0,0592214
-0,717902	0,0763114
-0,712839	0,0694754
-0,714864	0,0722098
-0,714054	0,0711161
-0,571128	-0,231573
-0,341428	-0,404447
-0,863429	0,261779
-0,760918	-0,14642
-0,519729	-0,415646
-0,228736	-0,523783
0,0356738	-0,489569
0,22294	-0,357803
0,312555	-0,182754
-1,12502	0,173102
-0,549991	0,0307593
-0,780004	0,0876963
-0,627881	-0,245352
-0,748848	0,198141
-0,700461	0,0207436
-0,719816	0,0917025
-0,583741	-0,218232
-0,35635	-0,399353
-0,111085	-0,446048
0,0939947	-0,383431
0,224808	-0,253809
-1,08992	0,201524
-0,908951	-0,282811
-0,577678	-0,578517
-0,768929	0,331407
-0,716948	-0,0557023
-0,713221	0,122281
-0,714712	0,0510876
-0,714115	0,0795649
-0,574554	-0,225177
-0,34659	-0,400956
-0,103026	-0,443362
-0,95879	0,277345
-0,616484	-0,010938
-0,464153	-0,254907
-0,814339	0,201963
-0,699683	-0,172244
-0,462861	-0,410778
-0,187463	-0,497336
-0,925015	0,298934
-0,822585	-0,142816
-0,568038	-0,437574
-0,25668	-0,559772
-0,897328	0,323909
-0,811533	-0,112761
-0,675387	0,145104
-0,729845	0,0419583
-0,708062	0,0832167
-0,716775	0,0667133
-0,71329	0,0733147
-0,571426	-0,229597
-0,342445	-0,403064
-0,863022	0,261226
-0,760387	-0,146677
-0,519223	-0,41563
-0,228358	-0,523568
0,0358752	-0,489255
-1,01435	0,295702
-0,59426	-0,0182807
-0,444325	-0,251597
-0,82227	0,200639
-0,671092	0,0197444
-0,517928	-0,253431
-0,792829	0,201372
-0,683099	-0,164089
-0,45352	-0,397947
-0,185496	-0,483848
0,0525618	-0,441923
-1,02102	0,276769
-0,886686	-0,198065
-0,645325	0,179226
-0,562138	-0,121918
-0,378457	-0,317513
-0,848617	0,227005
-0,735751	-0,166923
-0,7057	0,166769
-0,603039	-0,155535
-0,396096	-0,359423
-0,157264	-0,431599
0,0531193	-0,390921
-1,02125	0,256368
-0,878696	-0,213659
-0,582345	-0,513859
-0,237039	-0,623471
-0,905185	0,349388
-0,637926	-0,0397554
-0,74483	0,115902
-0,612431	-0,209846
-0,381509	-0,404456
-0,128165	-0,45999
-0,948734	0,283996
-0,620506	-0,0135984
-0,751797	0,105439
-0,699281	0,0578243
-0,720288	0,0768703
-0,578167	-0,229694
-0,347529	-0,405834
-0,101789	-0,447445
-0,959285	0,278978
-0,616286	-0,0115913
-0,463741	-0,255324
-0,814504	0,20213
-0,699875	-0,172183
-0,463031	-0,410809
-0,814787	0,264324
-0,674085	-0,00572942
-0,730366	0,102292
-0,595995	-0,214405
-0,761602	0,185762
-0,695359	0,0256953
-0,538751	-0,258615
-0,306005	-0,412048
-0,877598	0,264819
-0,772902	-0,149777
-0,527495	-0,422991
-0,2317	-0,532471
-0,90732	0,312989
-0,814759	-0,125057
-0,674097	0,150023
-0,730361	0,0399909
-0,571071	-0,261751
-0,329313	-0,42736
-0,0793344	-0,456519
0,122313	-0,378688
0,244433	-0,238877
0,28132	-0,0837736
-1,11253	0,133509
-0,898925	-0,343544
-0,64043	0,237418
-0,743828	0,00503295
-0,567322	-0,293706
-0,773071	0,217482
-0,690772	0,013007
-0,723691	0,0947972
-0,587924	-0,217431
-0,35985	-0,400417
-0,85606	0,260167
-0,657576	-0,00406673
-0,73697	0,101627
-0,600748	-0,217552
-0,369548	-0,405638
-0,852181	0,262255
-0,659128	-0,00490211
-0,736349	0,101961
-0,60041	-0,217049
-0,369492	-0,405121
-0,852203	0,262049
-0,752494	-0,141724
-0,699002	0,15669
-0,593918	-0,160517
-0,762433	0,164207
-0,695027	0,0343173
-0,721989	0,0862731
-0,711204	0,0654908
-0,715518	0,0738037
-0,713793	0,0704785
-0,570674	-0,231953
-0,340931	-0,404554
-0,0972857	-0,443833
-0,961086	0,277533
-0,841438	-0,173509
-0,57009	-0,468442
-0,771964	0,287377
-0,691214	-0,0149507
-0,723514	0,10598
-0,710594	0,0576079
-0,715762	0,0769568
-0,713695	0,0692173
-0,714522	0,0723131
-0,571962	-0,230851
-0,771215	0,19234
-0,691514	0,0230639
-0,534776	-0,259077
-0,302799	-0,410809
-0,0658037	-0,433334
-0,973679	0,273334
-0,610529	-0,00933351
-0,460268	-0,251305
-0,815893	0,200522
-0,673643	0,0197912
-0,519885	-0,254416
-0,792046	0,201766
-0,682661	-0,163476
-0,453432	-0,397306
-0,185686	-0,483326
-0,925726	0,29333
-0,820884	-0,147359
-0,671647	0,158944
-0,731341	0,0364225
-0,570388	-0,264855
-0,771845	0,205942
-0,691262	0,0176231
-0,532408	-0,263111
-0,787037	0,205245
-0,685185	0,0179022
-0,725926	0,0928391
-0,70963	0,0628644
-0,564464	-0,236075
-0,774214	0,19443
-0,690314	0,022228
-0,723874	0,0911088
-0,586588	-0,220307
-0,765365	0,188123
-0,656926	-0,163173
-0,433995	-0,386782
-0,826402	0,254713
-0,729951	-0,136979
-0,70802	0,154792
-0,716792	0,0380833
-0,713283	0,0847667
-0,714687	0,0660933
-0,714125	0,0735627
-0,71435	0,0705749
-0,571136	-0,232103
-0,341222	-0,404853
-0,0973877	-0,444177
0,103656	-0,376529
0,22939	-0,2447
0,272217	-0,0942158
0,244571	0,0372827
0,170961	0,126163
0,079465	0,164268
-0,00531396	0,15663
-0,997874	0,037348
-0,773324	-0,370765
-0,69067	0,248306
-0,624232	-0,0875556
-0,750307	0,135022
-0,699877	0,0459911
-0,550303	-0,244998
-0,320231	-0,406319
-0,080848	-0,436895
0,113314	-0,36438
-1,04533	0,245752
-0,892748	-0,231359
-0,585945	-0,532932
-0,232145	-0,639406
0,079332	-0,578807
-1,03173	0,331523
-0,587307	-0,0326091
-0,43331	-0,259706
-0,826676	0,203882
-0,66933	0,0184471
-0,516069	-0,253712
-0,793572	0,201485
-0,683709	-0,1643
-0,726516	0,16572
-0,709393	0,0337119
-0,552624	-0,258136
-0,77895	0,203255
-0,68842	0,0186982
-0,530678	-0,261157
-0,298853	-0,410751
-0,0628276	-0,431712
-0,974869	0,272685
-0,610052	-0,00907387
-0,755979	0,10363
-0,697608	0,0585482
-0,720957	0,0765807
-0,711617	0,0693677
-0,568576	-0,231927
-0,339347	-0,403695
-0,0964255	-0,442547
0,103736	-0,374906
0,228801	-0,243434
-1,09152	0,197374
-0,563392	0,0210505
-0,436598	-0,209358
-0,825361	0,183743
-0,700772	-0,190499
-0,456387	-0,425088
-0,817445	0,270035
-0,673022	-0,00801411
-0,730791	0,103206
-0,596684	-0,21388
-0,367927	-0,401222
-0,119136	-0,4521
-0,952346	0,28084
-0,836119	-0,1675
-0,56845	-0,461747
-0,77262	0,284699
-0,690952	-0,0138796
-0,723619	0,105552
-0,592171	-0,209228
-0,763131	0,183691
-0,653456	-0,165647
-0,738617	0,166259
-0,704553	0,0334964
-0,548859	-0,256364
-0,780456	0,202546
-0,674165	-0,158248
-0,730334	0,163299
-0,620373	-0,168026
-0,751851	0,16721
-0,69926	0,0331158
-0,720296	0,0867537
-0,582127	-0,222186
-0,353542	-0,401712
-0,108007	-0,446718
-0,956797	0,278687
-0,838641	-0,170917
-0,569	-0,465353
-0,7724	0,286141
-0,69104	-0,0144565
-0,519408	-0,287403
-0,279789	-0,426189
-0,0421637	-0,435819
0,142283	-0,348088
0,247371	-0,207634
0,271055	-0,0588534
0,229543	0,0636935
0,148976	0,140224
-1,05959	0,0439102
-0,576164	0,0824359
-0,470859	-0,167814
-0,290727	-0,315882
-0,883709	0,226353
-0,646516	0,00945881
-0,495136	-0,251418
-0,275736	-0,389132
-0,0539067	-0,406035
0,121445	-0,330149
-1,04858	0,23206
-0,580569	0,00717615
-0,444103	-0,226774
-0,822359	0,190709
-0,671056	0,0237162
-0,731577	0,0905135
-0,707369	0,0637946
-0,563118	-0,234464
-0,774753	0,193785
-0,666326	-0,162624
-0,441358	-0,390125
-0,179382	-0,473038
0,0528847	-0,431262
0,212697	-0,306605
-1,08508	0,222642
-0,913717	-0,264824
-0,634513	0,205929
-0,746195	0,0176282
-0,701522	0,0929487
-0,719391	0,0628205
-0,712244	0,0748718
-0,571254	-0,227995
-0,771498	0,191198
-0,691401	0,0235208
-0,534873	-0,258684
-0,30303	-0,410549
-0,878788	0,26422
-0,773567	-0,150708
-0,690573	0,160283
-0,588949	-0,154414
-0,76442	0,161766
-0,694232	0,0352938
-0,722307	0,0858825
-0,711077	0,065647
-0,566677	-0,234539
-0,773329	0,193816
-0,690668	0,0224737
-0,533897	-0,259187
-0,786441	0,203675
-0,685424	0,01853
-0,725831	0,092588
-0,588666	-0,219965
-0,3594	-0,40264
-0,85624	0,261056
-0,657504	-0,00442244
-0,736998	0,101769
-0,705201	0,0592924
-0,559669	-0,237018
-0,330542	-0,404001
-0,867783	0,261601
-0,652887	-0,00464024
-0,738845	0,101856
-0,602265	-0,218128
-0,37047	-0,406683
-0,118884	-0,457267
-0,952446	0,282907
-0,619021	-0,0131627
-0,752391	0,105265
-0,699043	0,057894
-0,720383	0,0768424
-0,711847	0,069263
-0,715261	0,0722948
-0,572516	-0,23116
-0,342648	-0,404689
-0,862941	0,261875
-0,654824	-0,00475016
-0,738071	0,1019
-0,601694	-0,217784
-0,759323	0,187114
-0,651931	-0,161523
-0,739228	0,164609
-0,704309	0,0341564
-0,718276	0,0863374
-0,580425	-0,221694
-0,76783	0,188678
-0,659022	-0,163737
-0,435362	-0,388049
-0,175655	-0,469062
-0,929738	0,287625
-0,821651	-0,1533
-0,67134	0,16132
-0,574746	-0,145933
-0,770101	0,158373
-0,691959	0,0366508
-0,723216	0,0853397
-0,58378	-0,224428
-0,766488	0,189771
-0,658439	-0,162369
-0,435466	-0,386776
-0,825813	0,25471
-0,729502	-0,136745
-0,708199	0,154698
-0,600111	-0,165709
-0,3898	-0,365983
-0,84408	0,246393
-0,740058	-0,150373
-0,703977	0,160149
-0,718409	0,0359403
-0,560367	-0,260049
-0,321859	-0,421784
-0,871256	0,268714
-0,651498	-0,00748547
-0,739401	0,102994
-0,603142	-0,217485
-0,758743	0,186994
-0,696503	0,0252024
-0,539423	-0,259447
-0,784231	0,203779
-0,677527	-0,15882
-0,728989	0,163528
-0,708404	0,0345887
-0,716638	0,0861645
-0,713345	0,0655342
-0,568356	-0,235532
-0,772658	0,194213
-0,690937	0,0223149
-0,534038	-0,259415
-0,786385	0,203766
-0,685446	0,0184935
-0,725822	0,0926026
-0,709671	0,062959
-0,716131	0,0748164
-0,574186	-0,229592
-0,770325	0,191837
-0,69187	0,0232653
-0,535127	-0,259066
-0,30307	-0,410941
-0,0659568	-0,433543
0,12329	-0,355876
-1,04932	0,24235
-0,89442	-0,23554
-0,642232	0,194216
-0,743107	0,0223136
-0,573687	-0,280285
-0,323888	-0,442491
-0,870445	0,276996
-0,772337	-0,137661
-0,691065	0,155064
-0,587235	-0,158577
-0,382868	-0,355413
-0,846853	0,242165
-0,740474	-0,154696
-0,70381	0,161878
-0,599647	-0,158497
-0,392333	-0,360316
-0,154047	-0,430774
0,055234	-0,389007
0,19758	-0,273551
-1,07903	0,209421
-0,568387	0,0162318
-0,772645	0,0935073
-0,624613	-0,237993
-0,750155	0,195197
-0,699938	0,0219212
-0,720025	0,0912315
-0,71199	0,0635074
-0,566515	-0,23653
-0,773394	0,194612
-0,665624	-0,161452
-0,441293	-0,388953
-0,179802	-0,472122
0,0521995	-0,430733
0,211965	-0,306478
0,283684	-0,148137
-1,11347	0,159255
-0,909942	-0,324356
-0,561814	-0,610487
-0,775275	0,344195
-0,726887	-0,0485217
-0,533025	-0,327631
-0,274047	-0,46221
-0,890381	0,284884
-0,790643	-0,139641
-0,545033	-0,422384
-0,245271	-0,539025
0,029204	-0,507768
-1,01168	0,303107
-0,890121	-0,174311
-0,606767	-0,488525
-0,757293	0,29541
-0,693707	-0,0784057
-0,495855	-0,337071
-0,242021	-0,454516
-0,00212983	-0,442241
-0,999148	0,276896
-0,600341	-0,0107585
-0,759864	0,104303
-0,619218	-0,224675
-0,380736	-0,41844
-0,847706	0,267376
-0,751207	-0,135877
-0,516567	-0,403749
-0,793373	0,2615
-0,682651	-0,00459982
-0,516975	-0,276556
-0,282278	-0,416972
-0,887089	0,266789
-0,780903	-0,152076
-0,532656	-0,427939
-0,786938	0,271176
-0,685225	-0,00847022
-0,517383	-0,280527
-0,281	-0,420154
-0,8876	0,268062
-0,781801	-0,151313
-0,68728	0,160525
-0,586543	-0,152913
-0,765383	0,161165
-0,646157	-0,183668
-0,417612	-0,39805
-0,832955	0,25922
-0,736734	-0,136175
-0,705306	0,15447
-0,717877	0,038212
-0,560872	-0,25811
-0,323019	-0,420512
-0,870793	0,268205
-0,769084	-0,144481
-0,526712	-0,41744
-0,233325	-0,527939
-0,90667	0,311175
-0,813539	-0,126175
-0,56782	-0,421308
-0,772872	0,268523
-0,690851	-0,00740936
-0,522083	-0,281972
-0,791167	0,212789
-0,686402	-0,154747
-0,725439	0,161899
-0,616093	-0,167132
-0,753563	0,166853
-0,698575	0,0332588
-0,72057	0,0866965
-0,582312	-0,222339
-0,767075	0,188935
-0,658551	-0,163239
-0,736579	0,165296
-0,705368	0,0338817
-0,549633	-0,256397
-0,780147	0,202559
-0,687941	0,0189765
-0,724824	0,0924094
-0,58783	-0,219698
-0,764868	0,187879
-0,656452	-0,163159
-0,43364	-0,386581
-0,174933	-0,467258
0,0539536	-0,425089
-1,02158	0,270036
-0,884416	-0,203405
-0,646234	0,181362
-0,563682	-0,120658
-0,774527	0,148263
-0,647946	-0,197131
-0,413587	-0,408998
-0,150727	-0,476273
0,0759569	-0,422258
-1,03038	0,268903
-0,587847	-0,00756129
-0,764861	0,103025
-0,622504	-0,227646
-0,382045	-0,422013
-0,121549	-0,473548
-0,95138	0,289419
-0,838817	-0,160594
-0,573263	-0,457578
-0,252649	-0,577064
0,0388126	-0,539629
-1,01553	0,315851
-0,59379	-0,0263406
-0,762484	0,110536
-0,623702	-0,220986
-0,385619	-0,41743
-0,126099	-0,471495
0,092763	-0,408775
0,23401	-0,273564
0,287273	-0,114305
0,26405	0,0280377
0,189463	0,126929
-1,07579	0,0492286
-0,569686	0,0803086
-0,465085	-0,16684
-0,813966	0,166736
-0,674414	0,0333056
-0,525877	-0,244453
-0,789649	0,197781
-0,68414	0,0208875
-0,528302	-0,257782
-0,298397	-0,407235
-0,880641	0,262894
-0,647743	-0,00515754
-0,740903	0,102063
-0,603911	-0,218793
-0,758436	0,187517
-0,651418	-0,160861
-0,430733	-0,382822
-0,174229	-0,463238
0,0528814	-0,421752
0,208891	-0,299379
-1,08356	0,219752
-0,911403	-0,266411
-0,586102	-0,567034
-0,218624	-0,665387
0,1	-0,593143
-1,04	0,337257
-0,584	-0,0349029
-0,7664	0,113961
-0,628048	-0,21995
-0,748781	0,18798
-0,700488	0,0248081
-0,719805	0,0900768
-0,583082	-0,219464
-0,766767	0,187785
-0,657857	-0,16399
-0,736857	0,165596
-0,705257	0,0337616
-0,5495	-0,256444
-0,7802	0,202578
-0,68792	0,018969
-0,530407	-0,260752
-0,787837	0,204301
-0,680477	-0,159866
-0,727809	0,163947
-0,618714	-0,166524
-0,403613	-0,374044
-0,157128	-0,445719
-0,937149	0,278287
-0,62514	-0,011315
-0,749944	0,104526
-0,611768	-0,220538
-0,376728	-0,412316
-0,121387	-0,464051
0,0933662	-0,401234
0,231452	-0,267591
0,28294	-0,110789
-1,11318	0,144315
-0,55473	0,0422738
-0,438504	-0,189764
-0,824598	0,175905
-0,670161	0,0296378
-0,521177	-0,24554
-0,791529	0,198216
-0,683388	0,0207137
-0,726645	0,0917145
-0,588936	-0,220955
-0,359209	-0,4035
-0,856316	0,2614
-0,657473	-0,00455999
-0,737011	0,101824
-0,600858	-0,217418
-0,759657	0,186967
-0,652126	-0,161768
-0,73915	0,164707
-0,627636	-0,170482
-0,408811	-0,380621
-0,836476	0,252248
-0,66541	-0,000899399
-0,505352	-0,266847
-0,277328	-0,404945
-0,889069	0,261978
-0,644373	-0,00479115
-0,487807	-0,26139
-0,266177	-0,393779
-0,893529	0,257512
-0,782087	-0,161703
-0,687165	0,164681
-0,588118	-0,149708
-0,387086	-0,349026
-0,154575	-0,420094
0,0505603	-0,381102
-1,02022	0,252441
-0,59191	-0,000976254
-0,449461	-0,237506
-0,820215	0,195002
-0,671914	0,021999
-0,731234	0,0912004
-0,707506	0,0635198
-0,716998	0,0745921
-0,574755	-0,230109
-0,34477	-0,404785
-0,862092	0,261914
-0,759955	-0,145782
-0,519253	-0,414777
-0,228722	-0,522932
-0,908511	0,309173
-0,814138	-0,128433
-0,674345	0,151373
-0,730262	0,0394507
-0,707895	0,0842197
-0,716842	0,0663121
-0,713263	0,0734752
-0,57147	-0,229464
-0,771412	0,191786
-0,691435	0,0232857
-0,534805	-0,258877
-0,302901	-0,410668
-0,87884	0,264267
-0,648464	-0,00570696
-0,740614	0,102283
-0,60378	-0,218511
-0,758488	0,187404
-0,696605	0,0250383
-0,721358	0,0899847
-0,711457	0,0640061
-0,715417	0,0743976
-0,713833	0,070241
-0,57061	-0,23215
-0,771756	0,19286
-0,663679	-0,162129
-0,734529	0,164852
-0,706189	0,0340594
-0,550327	-0,25659
-0,779869	0,202636
-0,688052	0,0189456
-0,724779	0,0924218
-0,710088	0,0630313
-0,715965	0,0747875
-0,574048	-0,229547
-0,344458	-0,404075
-0,100158	-0,44488
0,101832	-0,378172
-1,04073	0,251269
-0,583707	-0,00050753
-0,443414	-0,233868
-0,822634	0,193547
-0,702621	-0,181958
-0,718952	0,172783
-0,712419	0,0308868
-0,715032	0,0876453
-0,578483	-0,219402
-0,768607	0,187761
-0,659246	-0,164744
-0,435129	-0,388904
-0,825948	0,255562
-0,729945	-0,136153
-0,500298	-0,395454
-0,799881	0,258182
-0,680048	-0,00327266
-0,515527	-0,274506
-0,793789	0,209803
-0,687201	-0,158066
-0,459046	-0,39501
-0,816381	0,258004
-0,673447	-0,00320164
-0,730621	0,101281
-0,595784	-0,215275
-0,761686	0,18611
-0,653326	-0,163231
-0,431235	-0,385386
-0,173584	-0,465387
0,0542307	-0,423128
-1,02169	0,269251
-0,884187	-0,204046
-0,590363	-0,50875
-0,245176	-0,622795
-0,901929	0,349118
-0,639228	-0,0396472
-0,469955	-0,285823
-0,812018	0,214329
-0,675193	0,0142683
-0,729923	0,0942927
-0,592458	-0,220307
-0,763017	0,188123
-0,655142	-0,162233
-0,433014	-0,385354
-0,174949	-0,466075
-0,93002	0,28643
-0,821387	-0,154321
-0,671445	0,161729
-0,57499	-0,145664
-0,378726	-0,340701
-0,848509	0,23628
-0,660596	0,00548788
-0,504248	-0,260068
-0,798301	0,204027
-0,688319	-0,16426
-0,724672	0,165704
-0,617032	-0,163934
-0,753187	0,165574
-0,698725	0,0337706
-0,72051	0,0864918
-0,711796	0,0654033
-0,715282	0,0738387
-0,573149	-0,229995
-0,77074	0,191998
-0,662562	-0,162378
-0,734975	0,164951
-0,624562	-0,168627
-0,750175	0,167451
-0,69993	0,0330196
-0,720028	0,0867921
-0,711989	0,0652831
-0,715204	0,0738867
-0,713918	0,0704453
-0,570756	-0,232029
-0,340963	-0,404644
-0,863615	0,261858
-0,654554	-0,00474309
-0,738178	0,101897
-0,704729	0,0592411
-0,55929	-0,236868
-0,776284	0,194747
-0,667875	-0,162506
-0,442583	-0,390654
-0,822967	0,256262
-0,72796	-0,134428
-0,708816	0,153771
-0,600209	-0,16666
-0,759916	0,166664
-0,696033	0,0333343
-0,542319	-0,253079
-0,783072	0,201232
-0,686771	0,0195073
-0,725292	0,0921971
-0,5881	-0,220047
-0,358938	-0,402476
-0,111802	-0,449457
-0,955279	0,279783
-0,617888	-0,0119131
-0,46483	-0,256209
-0,814068	0,202484
-0,674373	0,0190065
-0,520126	-0,255304
-0,293174	-0,402082
-0,88273	0,260833
-0,646908	-0,00433305
-0,741237	0,101733
-0,703505	0,0593067
-0,718598	0,0762773
-0,712561	0,0694891
-0,714976	0,0722044
-0,572263	-0,231115
-0,342474	-0,404553
-0,86301	0,261821
-0,654796	-0,00472843
-0,738082	0,101891
-0,601699	-0,217795
-0,759321	0,187118
-0,651931	-0,161518
-0,43086	-0,383526
-0,827656	0,253411
-0,668938	-0,00136422
-0,732425	0,100546
-0,70703	0,0597817
-0,717188	0,0760873
-0,713125	0,0695651
-0,71475	0,072174
-0,57208	-0,231048
-0,771168	0,192419
-0,691533	0,0230323
-0,534778	-0,259109
-0,302788	-0,410834
-0,878885	0,264333
-0,648446	-0,00573338
-0,740622	0,102293
-0,60379	-0,218506
-0,758484	0,187402
-0,651409	-0,160968
-0,739436	0,164387
-0,627727	-0,17084
-0,748909	0,168336
-0,636506	-0,171628
-0,415093	-0,38504
-0,833963	0,254016
-0,735418	-0,140533
-0,502705	-0,400972
-0,798918	0,260389
-0,680433	-0,00415558
-0,727827	0,101662
-0,708869	0,0593351
-0,562475	-0,238453
-0,77501	0,195381
-0,689996	0,0218475
-0,724002	0,091261
-0,586746	-0,220242
-0,765302	0,188097
-0,693879	0,0247612
-0,722448	0,0900955
-0,711021	0,0639618
-0,56596	-0,235797
-0,335811	-0,40559
-0,0929803	-0,442573
-0,962808	0,277029
-0,614877	-0,0108117
-0,754049	0,104325
-0,69838	0,0582701
-0,720648	0,0766919
-0,711741	0,0693232
-0,715304	0,0722707
-0,572539	-0,231196
-0,770984	0,192478
-0,662939	-0,16211
-0,734824	0,164844
-0,624404	-0,168648
-0,750238	0,167459
-0,637165	-0,172826
-0,415115	-0,386214
-0,161002	-0,459569
-0,935599	0,283827
-0,62576	-0,013531
-0,470165	-0,260588
-0,253091	-0,386113
-0,0379038	-0,394682
-0,984838	0,257873
-0,606065	-0,00314912
-0,757574	0,10126
-0,61626	-0,226072
-0,377929	-0,418319
-0,119898	-0,469094
-0,952041	0,287638
-0,619184	-0,015055
-0,752327	0,106022
-0,699069	0,0575912
-0,554329	-0,235858
-0,326947	-0,400984
-0,869221	0,260394
-0,764766	-0,149789
-0,694094	0,159916
-0,722362	0,0360337
-0,563409	-0,261559
-0,323567	-0,424149
-0,0762515	-0,45178
0,122761	-0,373853
0,24284	-0,235024
0,278568	-0,0814826
-1,11143	0,132593
-0,897722	-0,3438
-0,640911	0,23752
-0,582101	-0,0758493
-0,76716	0,13034
-0,635177	-0,207806
-0,745929	0,183122
-0,640155	-0,159199
-0,743938	0,163679
-0,630865	-0,173179
-0,410186	-0,383962
-0,835926	0,253585
-0,66563	-0,00143388
-0,733748	0,100574
-0,706501	0,0597706
-0,7174	0,0760918
-0,57566	-0,22913
-0,34585	-0,404403
-0,101085	-0,445686
0,10145	-0,379155
0,228764	-0,247578
0,272892	-0,0966536
-1,10916	0,138661
-0,898424	-0,33828
-0,54749	-0,616462
-0,781004	0,346585
-0,732197	-0,048997
-0,536871	-0,330117
-0,785252	0,232047
-0,685899	0,00718135
-0,524156	-0,268902
-0,290798	-0,414028
-0,0553952	-0,43098
0,130292	-0,349703
-1,05212	0,239881
-0,895561	-0,238537
-0,641776	0,195415
-0,565915	-0,108195
-0,773634	0,143278
-0,690546	0,0426888
-0,541891	-0,243775
-0,783244	0,19751
-0,686703	0,020996
-0,530292	-0,258724
-0,787883	0,20349
-0,684847	0,0186041
-0,527925	-0,2598
-0,297303	-0,408618
-0,0625034	-0,429471
-0,974999	0,271788
-0,849714	-0,18344
-0,660114	0,173376
-0,735954	0,0306495
-0,705618	0,0877402
-0,571366	-0,215565
-0,771454	0,186226
-0,660795	-0,16705
-0,435384	-0,391276
-0,174382	-0,471523
0,0560792	-0,428111
-1,02243	0,271244
-0,885546	-0,202827
-0,591884	-0,508367
-0,246485	-0,623112
0,0619163	-0,572159
0,27592	-0,410075
-1,11037	0,26403
-0,949492	-0,243485
-0,620203	0,197394
-0,751919	0,0210425
-0,579875	-0,284775
-0,326795	-0,448379
-0,869282	0,279352
-0,772395	-0,135406
-0,691042	0,154162
-0,586857	-0,159254
-0,38231	-0,355775
-0,847076	0,24231
-0,66117	0,00307594
-0,503719	-0,26213
-0,798512	0,204852
-0,680595	0,0180592
-0,727762	0,0927763
-0,59021	-0,220595
-0,360321	-0,403736
-0,11235	-0,450968
-0,95506	0,280387
-0,838	-0,16893
-0,569308	-0,463587
-0,24724	-0,580049
0,0441176	-0,539733
-1,01765	0,315893
-0,899769	-0,16698
-0,617033	-0,486812
-0,753187	0,294725
-0,690312	-0,0772838
-0,493724	-0,334861
-0,802511	0,233944
-0,678996	0,00642231
-0,518606	-0,266717
-0,792558	0,206687
-0,685019	-0,159941
-0,725993	0,163976
-0,709603	0,0344094
-0,716159	0,0862362
-0,713536	0,0655055
-0,56849	-0,23563
-0,772604	0,194252
-0,690958	0,0222991
-0,534048	-0,259436
-0,786381	0,203774
-0,685448	0,0184902
-0,528336	-0,260126
-0,788665	0,204051
-0,684534	0,0183798
-0,726186	0,0926481
-0,709525	0,0629408
-0,564416	-0,235975
-0,334566	-0,405107
-0,092227	-0,441708
0,106591	-0,372589
0,230044	-0,240531
0,271046	-0,090786
-1,10842	0,136314
-0,556633	0,0454742
-0,777347	0,0818103
-0,623508	-0,248763
-0,374361	-0,438463
-0,850256	0,275385
-0,756348	-0,13081
-0,697461	0,152324
-0,721016	0,0390705
-0,711594	0,0843718
-0,715363	0,0662513
-0,570176	-0,235794
-0,339016	-0,407274
-0,0947427	-0,445135
0,106049	-0,376199
-1,04242	0,25048
-0,583032	-0,000191904
-0,443028	-0,233359
-0,243358	-0,354564
-0,902657	0,241825
-0,638937	0,00326981
-0,4869	-0,25309
-0,80524	0,201236
-0,677904	0,0195056
-0,523009	-0,256337
-0,294952	-0,40402
-0,0625556	-0,425036
0,122472	-0,34805
0,232299	-0,215529
0,262759	-0,0708825
0,22805	0,0512328
0,152825	0,130157
0,064084	0,160049
-0,0153158	0,147271
-0,993874	0,0410917
-0,602451	0,0835633
-0,491288	-0,177472
-0,30239	-0,331394
-0,0972587	-0,372815
-0,961097	0,249126
-0,615561	0,000349555
-0,753775	0,0998602
-0,69849	0,0600559
-0,554875	-0,233753
-0,328203	-0,399602
-0,0895936	-0,434979
0,105901	-0,366422
-1,04236	0,246569
-0,890821	-0,229552
-0,643672	0,191821
-0,565919	-0,111685
-0,385424	-0,311248
-0,168423	-0,390718
0,0282856	-0,364315
0,167223	-0,265565
0,233316	-0,13494
0,231296	-0,00922842
0,179476	0,0855048
-1,07179	0,0657981
-0,571284	0,0736808
-0,771486	0,0705277
-0,691405	0,0717889
-0,723438	0,0712844
-0,578327	-0,235199
-0,345449	-0,410082
-0,861821	0,264033
-0,655272	-0,00561309
-0,737891	0,102245
-0,601695	-0,21745
-0,370309	-0,40594
-0,119058	-0,456638
0,0921709	-0,394668
-1,03687	0,257867
-0,891167	-0,218768
-0,643533	0,187507
-0,564088	-0,114908
-0,382744	-0,312965
-0,165699	-0,390951
-0,93372	0,25638
-0,81218	-0,178639
-0,545801	-0,460637
-0,230554	-0,568405
0,0521411	-0,524209
0,249311	-0,377543
-1,09972	0,251017
-0,936197	-0,249117
-0,625521	0,199647
-0,555255	-0,0984769
-0,777898	0,139391
-0,646959	-0,205222
-0,741216	0,182089
-0,703513	0,0271644
-0,718595	0,0891342
-0,712562	0,0643463
-0,567286	-0,236122
-0,336689	-0,406367
-0,865325	0,262547
-0,65387	-0,00501868
-0,494934	-0,265362
-0,270005	-0,399649
-0,891998	0,25986
-0,781862	-0,159306
-0,530493	-0,433817
-0,229648	-0,541898
0,0422272	-0,503702
0,233573	-0,365923
0,323885	-0,184672
0,320021	-0,0107966
0,247535	0,119803
-1,09901	0,0520788
-0,856082	-0,400026
-0,657567	0,26001
-0,736973	-0,00400411
-0,558498	-0,297832
-0,305325	-0,449752
-0,0521467	-0,463942
0,145945	-0,373454
0,2603	-0,225447
-1,10412	0,190179
-0,915203	-0,297112
-0,576709	-0,591886
-0,769316	0,336755
-0,692273	-0,0347018
-0,512247	-0,303283
-0,267995	-0,435394
-0,0295185	-0,438097
-0,988193	0,275239
-0,604723	-0,0100955
-0,455551	-0,249562
-0,246394	-0,371887
-0,0385046	-0,381192
-0,984598	0,252477
-0,606161	-0,000990745
-0,757536	0,100396
-0,696986	0,0598415
-0,721206	0,0760634
-0,578542	-0,230674
-0,768583	0,19227
-0,692567	0,0230921
-0,535588	-0,259477
-0,785765	0,203791
-0,685694	0,0184837
-0,528521	-0,26023
-0,788592	0,204092
-0,680966	-0,160327
-0,727613	0,164131
-0,708955	0,0343477
-0,716418	0,0862609
-0,578982	-0,221009
-0,351623	-0,39956
-0,859351	0,259824
-0,65626	-0,00392955
-0,497186	-0,26549
-0,801126	0,206196
-0,67955	0,0175215
-0,72818	0,0929914
-0,708728	0,0628034
-0,716509	0,0748786
-0,713396	0,0700486
-0,570201	-0,232122
-0,340504	-0,404493
-0,0969858	-0,443616
0,103737	-0,375943
-1,04149	0,250377
-0,583402	-0,000150808
-0,766639	0,10006
-0,693344	0,0599759
-0,550932	-0,231756
-0,779627	0,192702
-0,688149	0,022919
-0,72474	0,0908324
-0,710104	0,063667
-0,715958	0,0745332
-0,573942	-0,229738
-0,3443	-0,404178
-0,0999972	-0,444895
0,10196	-0,378119
-1,04078	0,251248
-0,891495	-0,225365
-0,643402	0,190146
-0,565044	-0,11285
-0,384294	-0,311783
-0,16735	-0,390673
-0,93306	0,256269
-0,626776	-0,00250765
-0,475347	-0,252616
-0,260217	-0,382127
-0,0449141	-0,394503
0,123667	-0,317788
0,221102	-0,192052
0,244858	-0,057519
0,2091	0,0542289
-1,08364	0,0783085
-0,85489	-0,373942
-0,50014	-0,626152
-0,129645	-0,675931
-0,948142	0,370372
-0,868737	-0,0977737
-0,652505	0,139109
-0,551548	-0,155279
-0,779381	0,162112
-0,657174	-0,188548
-0,73713	0,175419
-0,630387	-0,161534
-0,41448	-0,37492
-0,165037	-0,450732
-0,933985	0,280293
-0,626406	-0,0121171
-0,749438	0,104847
-0,611511	-0,220091
-0,376712	-0,411874
-0,849315	0,26475
-0,751379	-0,138516
-0,699448	0,155407
-0,720221	0,0378374
-0,711912	0,084865
-0,715235	0,066054
-0,57	-0,235893
-0,338843	-0,407279
-0,864463	0,262912
-0,762156	-0,145972
-0,695137	0,158389
-0,721945	0,0366444
-0,711222	0,0853422
-0,574666	-0,219629
-0,348894	-0,396784
-0,860442	0,258714
-0,655823	-0,00348545
-0,497031	-0,264978
-0,801187	0,205991
-0,679525	0,0176035
-0,72819	0,0929586
-0,590608	-0,220627
-0,763757	0,188251
-0,655756	-0,162432
-0,433401	-0,385751
-0,175085	-0,466531
-0,929966	0,286612
-0,821419	-0,154161
-0,562614	-0,44573
-0,249295	-0,5638
0,0360562	-0,528206
0,238685	-0,387014
-1,09547	0,254806
-0,56181	-0,00192229
-0,775276	0,100769
-0,629517	-0,233526
-0,385023	-0,429287
-0,845991	0,271715
-0,661604	-0,00868586
-0,499344	-0,271243
-0,800262	0,208497
-0,691598	-0,161647
-0,723361	0,164659
-0,615618	-0,164204
-0,402188	-0,371042
-0,839125	0,248417
-0,66435	0,000633312
-0,73426	0,0997467
-0,706296	0,0601013
-0,560826	-0,236841
-0,331491	-0,40433
-0,0902012	-0,439887
-0,96392	0,275955
-0,614432	-0,0103819
-0,754227	0,104153
-0,614874	-0,222535
-0,37829	-0,415076
-0,848684	0,26603
-0,751412	-0,137291
-0,516157	-0,404906
-0,230317	-0,514191
-0,907873	0,305676
-0,812254	-0,130835
-0,564979	-0,424336
-0,25965	-0,548487
0,0220613	-0,52071
0,225051	-0,386915
0,325805	-0,204035
0,329226	-0,024745
-1,13169	0,109898
-0,547324	0,0560408
-0,78107	0,0775837
-0,687572	0,0689665
-0,550141	-0,222614
-0,779944	0,189046
-0,668375	-0,168303
-0,73265	0,167321
-0,623742	-0,165896
-0,750503	0,166358
-0,699799	0,0334567
-0,72008	0,0866173
-0,711968	0,0653531
-0,715213	0,0738588
-0,713915	0,0704565
-0,714434	0,0718174
-0,714226	0,071273
-0,714309	0,0714908
-0,571471	-0,231391
-0,341762	-0,404446
-0,863295	0,261778
-0,760816	-0,146367
-0,519673	-0,415565
-0,228726	-0,523699
0,0356479	-0,489501
-1,01426	0,2958
-0,889157	-0,180895
-0,644337	0,172358
-0,558639	-0,126743
-0,373869	-0,31978
-0,156228	-0,392581
0,0382987	-0,360853
0,173448	-0,258928
0,235392	-0,127406
-1,09416	0,150963
-0,562337	0,039615
-0,443222	-0,194828
-0,822711	0,177931
-0,696433	-0,193857
-0,721427	0,177543
-0,711429	0,0289829
-0,552279	-0,262545
-0,314714	-0,420446
-0,874114	0,268178
-0,771598	-0,14583
-0,691361	0,158332
-0,588767	-0,156212
-0,764493	0,162485
-0,646009	-0,182309
-0,741597	0,172924
-0,703361	0,0308306
-0,546887	-0,257913
-0,312469	-0,414769
-0,875013	0,265908
-0,771373	-0,147915
-0,527077	-0,420965
-0,789169	0,268386
-0,707123	-0,111694
-0,717151	0,144678
-0,602906	-0,176905
-0,387446	-0,37561
-0,144215	-0,440442
-0,942314	0,276177
-0,623074	-0,0104708
-0,469348	-0,257188
-0,25383	-0,383202
-0,898468	0,253281
-0,640613	-0,00131229
-0,743755	0,100525
-0,702498	0,05979
-0,719001	0,076084
-0,7124	0,0695664
-0,56925	-0,232089
-0,7723	0,192836
-0,69108	0,0228657
-0,723568	0,0908537
-0,710573	0,0636585
-0,565499	-0,235849
-0,33544	-0,405444
-0,865824	0,262178
-0,65367	-0,00487112
-0,738532	0,101948
-0,602064	-0,217932
-0,759175	0,187173
-0,651842	-0,161419
-0,739263	0,164567
-0,704295	0,034173
-0,718282	0,0863308
-0,712687	0,0654677
-0,714925	0,0738129
-0,71403	0,0704748
-0,714388	0,0718101
-0,571659	-0,23118
-0,771336	0,192472
-0,663204	-0,162256
-0,734718	0,164902
-0,624347	-0,168561
-0,750261	0,167425
-0,699895	0,0330302
-0,545133	-0,254855
-0,781947	0,201942
-0,687221	0,0192232
-0,529977	-0,260279
-0,788009	0,204112
-0,684796	0,0183554
-0,527787	-0,259968
-0,788885	0,203987
-0,681148	-0,160524
-0,727541	0,164209
-0,618615	-0,166217
-0,752554	0,166487
-0,698978	0,0334052
-0,544586	-0,254203
-0,312204	-0,411029
-0,0728633	-0,437263
0,119529	-0,361466
-1,04781	0,244586
-0,894171	-0,233239
-0,586275	-0,53493
-0,76549	0,313972
-0,707361	-0,0675773
-0,510564	-0,334303
-0,795775	0,233721
-0,68169	0,00651148
-0,727324	0,0973954
-0,70907	0,0610418
-0,56331	-0,237236
-0,333221	-0,405624
-0,0909986	-0,441563
0,107466	-0,371987
0,230469	-0,239724
0,271046	-0,0900024
-1,10842	0,136001
-0,556633	0,0455996
-0,777347	0,0817602
-0,623488	-0,248801
-0,750605	0,19952
-0,650268	-0,148606
-0,434761	-0,373048
-0,826096	0,249219
-0,72752	-0,141032
-0,496503	-0,398192
-0,218065	-0,501227
0,0347613	-0,468159
-1,0139	0,287264
-0,885473	-0,187242
-0,598063	-0,496493
-0,255931	-0,61656
0,0521166	-0,570957
-1,02085	0,328383
-0,907197	-0,158768
-0,637121	0,163507
-0,745151	0,0345972
-0,580154	-0,271767
-0,33221	-0,438604
-0,0770381	-0,466223
-0,969185	0,286489
-0,851176	-0,169942
-0,578917	-0,469626
-0,768433	0,287851
-0,699149	-0,0886069
-0,495911	-0,347001
-0,238092	-0,462085
-0,904763	0,284834
-0,638095	-0,0139336
-0,744762	0,105573
-0,702095	0,0577706
-0,556701	-0,236932
-0,328319	-0,402749
-0,868672	0,2611
-0,652531	-0,00443981
-0,494148	-0,264387
-0,802341	0,205755
-0,679064	0,0176981
-0,728375	0,0929207
-0,590733	-0,22073
-0,360665	-0,404048
-0,855734	0,261619
-0,657706	-0,00464768
-0,736917	0,101859
-0,705233	0,0592564
-0,717907	0,0762975
-0,576128	-0,229177
-0,346187	-0,404626
-0,861525	0,26185
-0,65539	-0,00474008
-0,737844	0,101896
-0,60152	-0,217697
-0,370076	-0,406057
-0,118835	-0,456634
-0,952466	0,282654
-0,619014	-0,0130615
-0,465226	-0,257532
-0,250559	-0,381815
-0,0376987	-0,390403
-0,984921	0,256161
-0,851004	-0,199286
-0,659598	0,179714
-0,573181	-0,127256
-0,384715	-0,325987
-0,846114	0,230395
-0,661554	0,00784206
-0,505918	-0,258662
-0,281033	-0,39895
-0,0540051	-0,415615
-0,978398	0,266246
-0,608641	-0,00649846
-0,459968	-0,248395
-0,816013	0,199358
-0,699913	-0,174893
-0,461977	-0,412884
-0,815209	0,265154
-0,725621	-0,124567
-0,501645	-0,384919
-0,799342	0,253968
-0,709087	-0,126721
-0,488218	-0,379943
-0,804713	0,251977
-0,678115	-0,000790895
-0,728754	0,100316
-0,59398	-0,215261
-0,762408	0,186104
-0,653872	-0,163524
-0,738451	0,16541
-0,70462	0,0338362
-0,549045	-0,256132
-0,780382	0,202453
-0,687847	0,0190188
-0,530371	-0,260685
-0,298808	-0,410269
-0,880477	0,264108
-0,647809	-0,00564302
-0,740876	0,102257
-0,703649	0,0590971
-0,71854	0,0763612
-0,576635	-0,229382
-0,769346	0,191753
-0,661404	-0,162006
-0,735438	0,164803
-0,705825	0,034079
-0,71767	0,0863684
-0,712932	0,0654526
-0,714827	0,0738189
-0,572796	-0,229828
-0,770881	0,191931
-0,662642	-0,162485
-0,438614	-0,388545
-0,177929	-0,47074
-0,928828	0,288296
-0,628469	-0,0153184
-0,471509	-0,263029
-0,253135	-0,388506
-0,898746	0,255402
-0,785208	-0,165393
-0,685917	0,166157
-0,725633	0,0335372
-0,709747	0,0865851
-0,574042	-0,218094
-0,349034	-0,395368
-0,107119	-0,440093
-0,957153	0,276037
-0,617139	-0,0104149
-0,46486	-0,254771
-0,814056	0,201908
-0,699446	-0,172172
-0,720222	0,168869
-0,711911	0,0324525
-0,554034	-0,260101
-0,317025	-0,41929
-0,0732232	-0,44547
-0,970711	0,278188
-0,849015	-0,176861
-0,574507	-0,474021
-0,770197	0,289608
-0,691921	-0,0158433
-0,519523	-0,288809
-0,279314	-0,427304
-0,888275	0,270922
-0,64469	-0,00836868
-0,742124	0,103347
-0,70315	0,058661
-0,71874	0,0765356
-0,712504	0,0693858
-0,569257	-0,232268
-0,772297	0,192907
-0,664109	-0,162309
-0,734357	0,164924
-0,706257	0,0340305
-0,717497	0,0863878
-0,713001	0,0654449
-0,568059	-0,235462
-0,33754	-0,406175
-0,0940603	-0,443709
-0,962376	0,277484
-0,842399	-0,174063
-0,66304	0,169625
-0,571761	-0,136301
-0,771296	0,15452
-0,691482	0,0381918
-0,723407	0,0847233
-0,710637	0,0661107
-0,715745	0,0735557
-0,713702	0,0705777
-0,714519	0,0717689
-0,714192	0,0712924
-0,571303	-0,231495
-0,341593	-0,404457
-0,863363	0,261783
-0,654655	-0,00471315
-0,495652	-0,265444
-0,801739	0,206178
-0,679304	0,017529
-0,728278	0,0929884
-0,708689	0,0628046
-0,563725	-0,235744
-0,77451	0,194298
-0,666347	-0,162138
-0,733461	0,164855
-0,706615	0,034058
-0,717354	0,0863768
-0,57974	-0,221295
-0,352084	-0,40008
-0,859166	0,260032
-0,656333	-0,00401283
-0,737467	0,101605
-0,601117	-0,217767
-0,369742	-0,405949
-0,118624	-0,456418
0,092413	-0,394328
-1,03697	0,257731
-0,891186	-0,21891
-0,589737	-0,522846
-0,764105	0,309139
-0,704375	-0,0706968
-0,507047	-0,33548
-0,797181	0,234192
-0,681127	0,00632325
-0,520186	-0,267645
-0,288283	-0,411485
-0,0545014	-0,428042
0,129796	-0,347112
0,23749	-0,211887
0,265247	-0,0660384
-1,1061	0,126415
-0,891201	-0,346364
-0,538767	-0,619717
-0,161576	-0,686492
-0,935369	0,374597
-0,860719	-0,0894542
-0,655712	0,135782
-0,552654	-0,159091
-0,356381	-0,341971
-0,134061	-0,40245
0,0590935	-0,359486
0,188706	-0,249572
-1,07548	0,199829
-0,569807	0,0200684
-0,772077	0,0919726
-0,623568	-0,238932
-0,378339	-0,431015
-0,848664	0,272406
-0,753947	-0,132437
-0,698421	0,152975
-0,720632	0,03881
-0,563204	-0,258757
-0,324532	-0,421937
-0,0778697	-0,450485
-0,968852	0,280194
-0,848405	-0,174593
-0,574951	-0,472053
-0,248141	-0,588741
0,0469089	-0,546699
0,25433	-0,396728
0,351982	-0,199781
-1,14079	0,179912
-0,938968	-0,319584
-0,585782	-0,618471
-0,765687	0,347388
-0,693725	-0,0389553
-0,511649	-0,307096
-0,266015	-0,438053
-0,893594	0,275221
-0,642562	-0,0100884
-0,484312	-0,264692
-0,806275	0,205877
-0,67749	0,0176493
-0,729004	0,0929403
-0,708398	0,0628239
-0,563512	-0,235613
-0,334024	-0,404471
-0,86639	0,261788
-0,763172	-0,147597
-0,694731	0,159039
-0,722108	0,0363845
-0,563356	-0,261191
-0,774658	0,204476
-0,67053	-0,154461
-0,731788	0,161784
-0,620873	-0,169759
-0,751651	0,167904
-0,638416	-0,173054
-0,415975	-0,386887
-0,83361	0,254755
-0,735446	-0,13983
-0,705822	0,155932
-0,598797	-0,16382
-0,389558	-0,364022
-0,150455	-0,43248
0,0586462	-0,388867
0,200118	-0,27208
0,260922	-0,126734
0,248994	0,00805092
0,186015	0,105716
-1,07441	0,0577135
-0,570238	0,0769146
-0,771905	0,0692342
-0,691238	0,0723063
-0,723505	0,0710775
-0,710598	0,071569
-0,715761	0,0713724
-0,713696	0,071451
-0,714522	0,0714196
-0,714191	0,0714322
-0,714323	0,0714271
-0,714271	0,0714291
-0,571417	-0,231422
-0,771433	0,192569
-0,663317	-0,162221
-0,439232	-0,388615
-0,824307	0,255446
-0,670277	-0,00217833
-0,731889	0,100871
-0,707244	0,0596515
-0,561366	-0,237563
-0,775453	0,195025
-0,667355	-0,161962
-0,733058	0,164785
-0,623038	-0,167987
-0,750785	0,167195
-0,637474	-0,173246
-0,415182	-0,386657
-0,833927	0,254663
-0,73565	-0,140027
-0,70574	0,156011
-0,598767	-0,163728
-0,760493	0,165491
-0,695803	0,0338036
-0,721679	0,0864786
-0,583067	-0,222948
-0,353952	-0,402667
-0,107937	-0,447608
-0,956825	0,279043
-0,838805	-0,170657
-0,664478	0,168263
-0,734209	0,0326948
-0,706317	0,0869221
-0,717473	0,0652312
-0,713011	0,0739075
-0,714796	0,070437
-0,714082	0,0718252
-0,571432	-0,231046
-0,771427	0,192418
-0,663252	-0,162333
-0,439138	-0,388674
-0,824345	0,25547
-0,670262	-0,00218782
-0,731895	0,100875
-0,707242	0,0596499
-0,561364	-0,237563
-0,331611	-0,405093
-0,0899874	-0,440515
-0,964005	0,276206
-0,843126	-0,175685
-0,570502	-0,470771
-0,245273	-0,585987
-0,901891	0,334395
-0,819195	-0,106616
-0,579942	-0,408706
-0,768023	0,263483
-0,692791	-0,00539302
-0,524364	-0,281215
-0,28603	-0,423469
-0,885588	0,269388
-0,780802	-0,149501
-0,687679	0,1598
-0,586556	-0,153624
-0,765377	0,161449
-0,646267	-0,183449
-0,741493	0,17338
-0,703403	0,0306481
-0,546845	-0,258069
-0,781262	0,203227
-0,687495	0,018709
-0,725002	0,0925164
-0,588008	-0,219688
-0,764797	0,187875
-0,694081	0,0248499
-0,537442	-0,258747
-0,785023	0,203499
-0,685991	0,0186005
-0,528793	-0,26026
-0,297779	-0,409315
-0,062586	-0,430191
-0,974966	0,272076
-0,849804	-0,183208
-0,572568	-0,47916
-0,770973	0,291664
-0,702605	-0,0867245
-0,49929	-0,346953
-0,240679	-0,4634
0,00244368	-0,448456
-1,00098	0,279382
-0,599609	-0,0117529
-0,760156	0,104701
-0,695937	0,0581195
-0,721625	0,0767522
-0,579136	-0,230318
-0,348016	-0,406696
-0,101814	-0,448296
-0,959275	0,279318
-0,61629	-0,0117273
-0,46369	-0,255429
-0,814524	0,202172
-0,699907	-0,172159
-0,463066	-0,410804
-0,814774	0,264322
-0,724957	-0,125025
-0,500957	-0,385002
-0,799617	0,254001
-0,709309	-0,126806
-0,488353	-0,380097
-0,219109	-0,484214
-0,912356	0,293686
-0,635057	-0,0174743
-0,745977	0,10699
-0,609738	-0,217079
-0,37657	-0,408875
-0,849372	0,26355
-0,660251	-0,00542002
-0,499623	-0,26822
-0,272426	-0,403696
-0,0455649	-0,415779
0,131682	-0,334218
-1,05267	0,233687
-0,893506	-0,243467
-0,642597	0,197387
-0,567329	-0,107025
-0,38836	-0,308271
-0,844656	0,223308
-0,662138	0,0106767
-0,735145	0,0957293
-0,705942	0,0617083
-0,717623	0,0753167
-0,57552	-0,229809
-0,769792	0,191923
-0,692083	0,0232306
-0,723167	0,0907077
-0,58589	-0,220329
-0,765644	0,188132
-0,657142	-0,163278
-0,434117	-0,386948
-0,826353	0,254779
-0,72994	-0,136909
-0,499991	-0,396027
-0,800004	0,258411
-0,679999	-0,00336432
-0,728001	0,101346
-0,7088	0,0594617
-0,562473	-0,238329
-0,775011	0,195332
-0,689996	0,0218674
-0,724002	0,0912531
-0,586743	-0,220248
-0,357825	-0,402086
-0,85687	0,260834
-0,657252	-0,00433373
-0,737099	0,101733
-0,600889	-0,217522
-0,759644	0,187009
-0,652133	-0,161731
-0,739147	0,164692
-0,627628	-0,170492
-0,748949	0,168197
-0,700421	0,0327212
-0,719832	0,0869115
-0,581837	-0,22188
-0,353444	-0,401363
-0,108072	-0,446414
-0,956771	0,278566
-0,838572	-0,170999
-0,568915	-0,465388
-0,246221	-0,581261
0,0453767	-0,540247
-1,01815	0,316099
-0,900234	-0,167025
-0,617368	-0,487033
-0,274386	-0,617092
0,0383032	-0,578744
0,260608	-0,424525
-1,10424	0,26981
-0,947149	-0,236642
-0,62114	0,194657
-0,549929	-0,100517
-0,780028	0,140207
-0,687989	0,0439173
-0,540438	-0,241818
-0,314006	-0,399957
-0,0786615	-0,42957
0,112045	-0,357938
0,228329	-0,227215
0,264416	-0,0813513
-1,10577	0,132541
-0,557693	0,0469838
-0,442641	-0,18737
-0,822944	0,174948
-0,670822	0,0300209
-0,731671	0,0879917
-0,591267	-0,225795
-0,359045	-0,408111
-0,10963	-0,453782
0,0981942	-0,388726
0,230118	-0,256154
-1,09205	0,202462
-0,563181	0,0190153
-0,435624	-0,210821
-0,246746	-0,334473
-0,901302	0,233789
-0,778505	-0,182841
-0,688598	0,173136
-0,592589	-0,143856
-0,762964	0,157542
-0,694814	0,0369831
-0,542852	-0,249819
-0,782859	0,199927
-0,686856	0,020029
-0,530022	-0,25952
-0,299009	-0,409245
-0,880396	0,263698
-0,77458	-0,151748
-0,690168	0,160699
-0,723933	0,0357203
-0,564477	-0,262426
-0,324032	-0,425234
-0,0761708	-0,452791
-0,969532	0,281116
-0,612187	-0,0124466
-0,755125	0,104979
-0,615887	-0,222266
-0,379167	-0,415277
-0,122056	-0,467277
0,0941482	-0,403953
0,233134	-0,269345
-1,09325	0,207738
-0,913968	-0,27942
-0,634413	0,211768
-0,746235	0,0152927
-0,573256	-0,286871
-0,320926	-0,447325
-0,87163	0,27893
-0,774011	-0,136665
-0,533582	-0,41347
-0,240134	-0,52767
-0,903946	0,311068
-0,638421	-0,0244272
-0,744631	0,109771
-0,609828	-0,214427
-0,756069	0,185771
-0,697573	0,0256917
-0,720971	0,0897233
-0,711612	0,0641107
-0,715355	0,0743557
-0,713858	0,0702577
-0,570635	-0,232147
-0,771746	0,192859
-0,691302	0,0228564
-0,534532	-0,25915
-0,302584	-0,410767
-0,878966	0,264307
-0,773737	-0,150713
-0,690505	0,160285
-0,588898	-0,154385
-0,764441	0,161754
-0,645677	-0,182843
-0,741729	0,173137
-0,632969	-0,165107
-0,415014	-0,378669
-0,163943	-0,453794
0,0569212	-0,410461
0,207444	-0,289182
0,27333	-0,1368
0,262451	0,00536397
-1,10498	0,0978544
-0,878927	-0,367623
-0,648429	0,247049
-0,740628	0,00118035
-0,703749	0,0995279
-0,718501	0,0601889
-0,570136	-0,241657
-0,771946	0,196663
-0,691222	0,0213349
-0,723511	0,091466
-0,710595	0,0634136
-0,715762	0,0746346
-0,573833	-0,229582
-0,770467	0,191833
-0,662288	-0,162394
-0,438381	-0,388334
-0,824647	0,255334
-0,728866	-0,135805
-0,499616	-0,394758
-0,221805	-0,499863
0,0313735	-0,468617
0,211291	-0,3436
-1,08452	0,23744
-0,566193	0,00502403
-0,773523	0,0979904
-0,627073	-0,234936
-0,749171	0,193975
-0,64696	-0,152248
-0,741216	0,160899
-0,703514	0,0356404
-0,548926	-0,254319
-0,780429	0,201727
-0,673817	-0,158859
-0,448558	-0,39026
-0,820577	0,256104
-0,72608	-0,133592
-0,709568	0,153437
-0,716173	0,0386253
-0,713531	0,0845499
-0,576103	-0,221154
-0,769559	0,188462
-0,660249	-0,164593
-0,7359	0,165837
-0,70564	0,0336652
-0,549752	-0,25667
-0,315144	-0,41497
-0,873943	0,265988
-0,770592	-0,147426
-0,526679	-0,42028
-0,789328	0,268112
-0,684269	-0,00724486
-0,726293	0,102898
-0,593142	-0,212315
-0,762743	0,184926
-0,653655	-0,164554
-0,430957	-0,386523
-0,172918	-0,46614
0,0550385	-0,423434
-1,02202	0,269373
-0,591194	-0,00774937
-0,763522	0,1031
-0,694591	0,0587601
-0,551393	-0,233179
-0,325787	-0,397773
-0,869685	0,259109
-0,764604	-0,150951
-0,520719	-0,420564
-0,227521	-0,527917
-0,908992	0,311167
-0,8153	-0,12711
-0,568784	-0,422724
-0,772486	0,26909
-0,691005	-0,00763581
-0,52211	-0,282205
-0,791156	0,212882
-0,683538	0,0148471
-0,525427	-0,262131
-0,294472	-0,409391
-0,0600427	-0,428926
0,125938	-0,350001
0,235713	-0,215625
-1,09429	0,18625
-0,562286	0,0254999
-0,437537	-0,205534
-0,824985	0,182214
-0,670006	0,0271145
-0,731998	0,0891542
-0,707201	0,0643383
-0,563208	-0,233983
-0,774717	0,193593
-0,666222	-0,162756
-0,733511	0,165102
-0,706596	0,0339591
-0,717362	0,0864164
-0,579762	-0,221268
-0,352111	-0,400068
-0,859155	0,260027
-0,756969	-0,146041
-0,51688	-0,413779
-0,793248	0,265512
-0,682701	-0,00620465
-0,516371	-0,277796
-0,793452	0,211118
-0,682619	0,0155527
-0,726952	0,0937789
-0,709219	0,0624884
-0,564002	-0,236196
-0,334163	-0,40511
-0,866335	0,262044
-0,653466	-0,00481761
-0,494707	-0,265048
-0,802117	0,206019
-0,679153	0,0175924
-0,523193	-0,258291
-0,294311	-0,405579
-0,0614446	-0,425964
0,123688	-0,34831
0,233327	-0,215241
-1,09333	0,186096
-0,90537	-0,295899
-0,637852	0,21836
-0,572111	-0,0891875
-0,771155	0,135675
-0,691538	0,04573
-0,723385	0,081708
-0,582456	-0,227256
-0,767018	0,190902
-0,659294	-0,161721
-0,736282	0,164689
-0,705487	0,0341246
-0,54982	-0,25626
-0,315359	-0,414686
-0,873856	0,265874
-0,650457	-0,00634972
-0,739817	0,10254
-0,603277	-0,217996
-0,371292	-0,406988
-0,119387	-0,457828
0,0923973	-0,395704
-1,03696	0,258281
-0,585216	-0,00331259
-0,443439	-0,236604
-0,242372	-0,357195
-0,903051	0,242878
-0,78347	-0,176633
-0,686612	0,170653
-0,590086	-0,144948
-0,390486	-0,346195
-0,158292	-0,419303
-0,936683	0,267721
-0,818968	-0,171205
-0,672413	0,168482
-0,731035	0,0326072
-0,707586	0,0869571
-0,572548	-0,216947
-0,348358	-0,393899
-0,860657	0,25756
-0,757123	-0,148517
-0,697151	0,159407
-0,72114	0,0362372
-0,711544	0,0855051
-0,715382	0,065798
-0,57001	-0,236146
-0,771996	0,194459
-0,691202	0,0222166
-0,5342	-0,259596
-0,302153	-0,410973
-0,879139	0,264389
-0,648345	-0,00575567
-0,740662	0,102302
-0,703735	0,0590791
-0,718506	0,0763684
-0,712598	0,0694527
-0,569355	-0,232255
-0,772258	0,192902
-0,691097	0,0228392
-0,534369	-0,259081
-0,302488	-0,410649
-0,879005	0,26426
-0,648398	-0,00570388
-0,740641	0,102282
-0,703744	0,0590874
-0,55848	-0,236591
-0,329808	-0,403201
-0,868077	0,261281
-0,652769	-0,0045122
-0,738892	0,101805
-0,704443	0,059278
-0,718223	0,0762888
-0,576365	-0,22931
-0,346313	-0,404821
-0,10127	-0,44619
0,101511	-0,379612
-1,0406	0,251845
-0,891597	-0,22484
-0,643361	0,189936
-0,742656	0,0240256
-0,574028	-0,278803
-0,324741	-0,441501
-0,870104	0,276601
-0,651958	-0,0106402
-0,739217	0,104256
-0,704313	0,0582976
-0,718275	0,076681
-0,576561	-0,229032
-0,769376	0,191613
-0,69225	0,0233548
-0,7231	0,0906581
-0,71076	0,0637368
-0,565672	-0,235864
-0,773731	0,194346
-0,690508	0,0222618
-0,723797	0,0910953
-0,586524	-0,220286
-0,357644	-0,402027
-0,110998	-0,448598
0,0950806	-0,385334
0,226395	-0,254821
-1,09056	0,201929
-0,909595	-0,282757
-0,636162	0,213103
-0,745535	0,0147588
-0,57251	-0,286997
-0,320309	-0,447122
-0,0645859	-0,467936
-0,974166	0,287175
-0,610334	-0,0148698
-0,755867	0,105948
-0,616838	-0,221826
-0,753265	0,18873
-0,647974	-0,157871
-0,740811	0,163148
-0,628275	-0,172332
-0,74869	0,168933
-0,700524	0,032427
-0,545369	-0,255565
-0,312254	-0,412377
-0,875098	0,264951
-0,771055	-0,148677
-0,526531	-0,421416
-0,231597	-0,530889
0,0363417	-0,496114
-1,01454	0,298446
-0,890426	-0,178996
-0,64383	0,171598
-0,742468	0,0313607
-0,57682	-0,273153
-0,769272	0,209261
-0,692291	0,0162955
-0,723084	0,0934818
-0,586936	-0,218187
-0,358797	-0,400597
-0,856481	0,260239
-0,755021	-0,144811
-0,697991	0,157924
-0,593643	-0,159174
-0,387499	-0,35843
-0,151128	-0,427406
0,0561055	-0,38528
0,196752	-0,27037
-1,0787	0,208148
-0,903072	-0,273288
-0,57702	-0,568927
-0,210964	-0,663193
0,104945	-0,588412
-1,04198	0,335365
-0,926049	-0,161914
-0,62958	0,164766
-0,544387	-0,12661
-0,36309	-0,313979
-0,150357	-0,38386
0,0392726	-0,351876
-1,01571	0,240751
-0,868239	-0,223313
-0,570536	-0,517014
-0,771785	0,306805
-0,709279	-0,075542
-0,508835	-0,341124
-0,250265	-0,462788
-0,00508649	-0,451825
0,176864	-0,345422
0,272586	-0,191775
-1,10903	0,17671
-0,91355	-0,309314
-0,63458	0,223726
-0,571771	-0,0838005
-0,401026	-0,292397
-0,83959	0,216959
-0,664164	0,0132165
-0,510051	-0,255621
-0,795979	0,202248
-0,681608	0,0191006
-0,727357	0,0923598
-0,709057	0,0630561
-0,564106	-0,2357
-0,774358	0,19428
-0,690257	0,022288
-0,723897	0,0910848
-0,586596	-0,220334
-0,357679	-0,402092
-0,856928	0,260837
-0,7556	-0,144535
-0,69776	0,157814
-0,593423	-0,159165
-0,762631	0,163666
-0,694948	0,0345336
-0,541974	-0,251734
-0,311207	-0,408107
-0,875517	0,263243
-0,649793	-0,00529712
-0,491724	-0,263943
-0,80331	0,205577
-0,678676	0,0177691
-0,522901	-0,257966
-0,294219	-0,405215
-0,882313	0,262086
-0,647075	-0,00483432
-0,74117	0,101934
-0,604063	-0,218998
-0,758375	0,187599
-0,69665	0,0249603
-0,72134	0,0900159
-0,584225	-0,220124
-0,76631	0,18805
-0,657616	-0,163606
-0,434345	-0,387387
-0,826262	0,254955
-0,669495	-0,00198193
-0,732202	0,100793
-0,707119	0,0596829
-0,717152	0,0761268
-0,575486	-0,229005
-0,769805	0,191602
-0,661693	-0,162305
-0,735323	0,164922
-0,705871	0,0340312
-0,717652	0,0863875
-0,57997	-0,221406
-0,768012	0,188562
-0,659114	-0,163897
-0,736354	0,165559
-0,625853	-0,168717
-0,749659	0,167487
-0,636735	-0,172574
-0,745306	0,169029
-0,634044	-0,16966
-0,746382	0,167864
-0,634396	-0,170976
-0,746242	0,168391
-0,6345	-0,17052
-0,414012	-0,383395
-0,834395	0,253358
-0,666242	-0,0013432
-0,733503	0,100537
-0,597677	-0,216993
-0,367438	-0,403986
-0,117658	-0,454004
-0,952937	0,281602
-0,618825	-0,0126407
-0,465251	-0,257137
-0,250736	-0,381525
-0,899706	0,25261
-0,640118	-0,00104393
-0,743953	0,100418
-0,702419	0,059833
-0,557772	-0,235494
-0,329709	-0,402084
-0,868117	0,260834
-0,652753	-0,0043335
-0,494359	-0,264395
-0,269955	-0,398684
-0,0456923	-0,410982
0,129666	-0,330623
-1,05187	0,232249
-0,892318	-0,244237
-0,580467	-0,542548
-0,767813	0,317019
-0,710346	-0,0661908
-0,715862	0,126476
-0,594645	-0,190223
-0,375841	-0,382427
-0,849663	0,252971
-0,746933	-0,147607
-0,508626	-0,410955
-0,79655	0,264382
-0,711131	-0,11769
-0,715548	0,147076
-0,713781	0,0411697
-0,558941	-0,254223
-0,323106	-0,416786
-0,0788461	-0,446
-0,968462	0,2784
-0,847391	-0,175801
-0,661044	0,17032
-0,735583	0,0318719
-0,705767	0,0872512
-0,571283	-0,215996
-0,347777	-0,39267
-0,107242	-0,43754
-0,957103	0,275016
-0,837405	-0,173829
-0,566896	-0,467072
-0,773242	0,286829
-0,690703	-0,0147315
-0,519042	-0,287477
-0,279481	-0,4261
-0,888208	0,27044
-0,783214	-0,149749
-0,535343	-0,427095
-0,785863	0,270838
-0,705591	-0,108508
-0,492846	-0,364703
-0,802862	0,245881
-0,708527	-0,134275
-0,484771	-0,38546
-0,806092	0,254184
-0,714303	-0,129257
-0,714279	0,151703
-0,714289	0,0393189
-0,558587	-0,255833
-0,776565	0,202333
-0,689374	0,0190667
-0,72425	0,0923733
-0,58738	-0,219496
-0,765048	0,187799
-0,693981	0,0248806
-0,537378	-0,258683
-0,785049	0,203473
-0,678027	-0,15938
-0,728789	0,163752
-0,708484	0,0344992
-0,716606	0,0862003
-0,579101	-0,22113
-0,351665	-0,399699
-0,107385	-0,444437
0,0961621	-0,380727
0,225374	-0,250887
-1,09015	0,200355
-0,908656	-0,28379
-0,577062	-0,579143
-0,769175	0,331657
-0,69233	-0,0326628
-0,723068	0,113065
-0,594758	-0,203298
-0,762097	0,181319
-0,651721	-0,167036
-0,739311	0,166815
-0,704275	0,0332742
-0,71829	0,0866903
-0,580576	-0,221431
-0,352666	-0,400518
-0,858934	0,260207
-0,756873	-0,145816
-0,697251	0,158326
-0,7211	0,0366695
-0,71156	0,0853322
-0,715376	0,0658671
-0,570033	-0,236091
-0,338788	-0,407442
-0,094502	-0,445172
-0,962199	0,278069
-0,842499	-0,173548
-0,57088	-0,468896
-0,246311	-0,584713
0,046689	-0,542906
-1,01868	0,317162
-0,901058	-0,166427
-0,639577	0,166571
-0,744169	0,0333717
-0,702332	0,0866513
-0,719067	0,0653395
-0,572627	-0,237969
-0,340009	-0,409907
-0,863996	0,263963
-0,762222	-0,144987
-0,695111	0,157995
-0,591482	-0,157968
-0,386339	-0,356649
-0,845464	0,24266
-0,661814	0,00293618
-0,735274	0,0988255
-0,598339	-0,219002
-0,760665	0,187601
-0,695734	0,0249596
-0,721706	0,0900161
-0,584503	-0,22027
-0,356114	-0,401207
-0,857554	0,260483
-0,656978	-0,00419307
-0,497626	-0,265978
-0,800949	0,206391
-0,691278	-0,163522
-0,459962	-0,400788
-0,189256	-0,488584
0,051599	-0,447026
0,218026	-0,3191
-1,08721	0,22764
-0,565116	0,00894394
-0,773954	0,0964224
-0,690419	0,061431
-0,549291	-0,22948
-0,325669	-0,394121
-0,869732	0,257648
-0,652107	-0,00305934
-0,739157	0,101224
-0,704337	0,0595105
-0,718265	0,0761958
-0,57636	-0,229397
-0,346275	-0,404886
-0,86149	0,261954
-0,759514	-0,145511
-0,519027	-0,414394
-0,228703	-0,52255
0,035206	-0,488619
-1,01408	0,295448
-0,594367	-0,018179
-0,762253	0,107272
-0,695099	0,0570914
-0,551112	-0,23465
-0,779555	0,19386
-0,670006	-0,164489
-0,731998	0,165795
-0,707201	0,0336818
-0,71712	0,0865273
-0,579622	-0,221087
-0,352078	-0,399875
-0,107629	-0,444736
0,0960963	-0,381051
-1,03844	0,25242
-0,890181	-0,223536
-0,587124	-0,52596
-0,23583	-0,634579
-0,905668	0,353832
-0,637733	-0,0415326
-0,468064	-0,286658
-0,812774	0,214663
-0,67489	0,0141347
-0,51857	-0,259214
-0,792572	0,203685
-0,683829	-0,162228
-0,454819	-0,396825
-0,186932	-0,483514
-0,925227	0,293406
-0,629909	-0,0173623
-0,471786	-0,265159
-0,252494	-0,390235
-0,0358012	-0,397576
0,131822	-0,316478
-1,05273	0,226591
-0,578909	0,00936344
-0,768437	0,0962546
-0,692625	0,0614982
-0,72295	0,0754007
-0,71082	0,0698397
-0,715672	0,0720641
-0,572736	-0,2315
-0,34268	-0,405035
-0,0984227	-0,444898
0,103158	-0,377492
-1,04126	0,250997
-0,583495	-0,000398663
-0,443297	-0,233701
-0,822681	0,19348
-0,70263	-0,182027
-0,461188	-0,419393
-0,815525	0,267757
-0,726902	-0,122715
-0,709239	0,149086
-0,716304	0,0403657
-0,713478	0,0838537
-0,575785	-0,221662
-0,348932	-0,398777
-0,860427	0,259511
-0,655829	-0,0038044
-0,496908	-0,265223
-0,801237	0,206089
-0,679505	0,0175643
-0,52345	-0,258453
-0,294441	-0,405804
-0,882224	0,262322
-0,64711	-0,0049287
-0,489832	-0,26259
-0,804067	0,205036
-0,678373	0,0179856
-0,522758	-0,25768
-0,294224	-0,40494
-0,88231	0,261976
-0,647076	-0,00479042
-0,489861	-0,262471
-0,267306	-0,395423
-0,0449837	-0,407444
0,12879	-0,327651
0,228941	-0,197499
-1,09158	0,178999
-0,901198	-0,300591
-0,564674	-0,588928
-0,77413	0,335571
-0,722568	-0,054618
-0,527304	-0,330537
-0,268536	-0,46213
-0,892585	0,284852
-0,642966	-0,0139407
-0,483078	-0,267781
-0,806769	0,207113
-0,695989	-0,165302
-0,462831	-0,404025
-0,190142	-0,492192
0,0523691	-0,450122
-1,02095	0,280049
-0,88794	-0,195542
-0,644824	0,178217
-0,561353	-0,122485
-0,377634	-0,31763
-0,15995	-0,392452
0,0354188	-0,362244
0,171816	-0,261138
-1,06873	0,204455
-0,894014	-0,272105
-0,642394	0,208842
-0,743042	0,0164633
-0,571297	-0,284705
-0,320304	-0,444895
-0,871878	0,277958
-0,773811	-0,137503
-0,690476	0,155001
-0,72381	0,0379995
-0,565295	-0,260644
-0,773882	0,204258
-0,669853	-0,154317
-0,447362	-0,385222
-0,185906	-0,471714
-0,925638	0,288685
-0,818959	-0,150854
-0,672417	0,160342
-0,575173	-0,147107
-0,378289	-0,341871
-0,848684	0,236748
-0,739699	-0,159545
-0,70412	0,163818
-0,718352	0,0344728
-0,559737	-0,261141
-0,320943	-0,422362
-0,074972	-0,449373
0,12277	-0,371512
0,24191	-0,233241
-1,09676	0,193296
-0,910859	-0,2918
-0,575533	-0,586112
-0,769787	0,334445
-0,692085	-0,0337779
-0,512474	-0,302505
-0,268478	-0,434893
-0,0300858	-0,43791
-0,987966	0,275164
-0,86092	-0,186062
-0,655632	0,174425
-0,56805	-0,12969
-0,379842	-0,325785
-0,848063	0,230314
-0,736654	-0,164187
-0,705339	0,165675
-0,602327	-0,156223
-0,759069	0,162489
-0,696372	0,0350044
-0,543245	-0,251946
-0,782702	0,200778
-0,675165	-0,160489
-0,729934	0,164196
-0,620428	-0,167185
-0,751829	0,166874
-0,699269	0,0332504
-0,720293	0,0866998
-0,582102	-0,222225
-0,767159	0,18889
-0,693136	0,024444
-0,536561	-0,258677
-0,785376	0,203471
-0,68585	0,0186117
-0,528691	-0,260195
-0,297727	-0,409224
-0,880909	0,26369
-0,647636	-0,00547591
-0,740945	0,10219
-0,603995	-0,218714
-0,371551	-0,40782
-0,85138	0,263128
-0,7523	-0,140575
-0,515518	-0,407757
-0,793793	0,263103
-0,682483	-0,00524106
-0,727007	0,102096
-0,593364	-0,213209
-0,762654	0,185284
-0,694938	0,0258865
-0,538508	-0,258302
-0,784597	0,203321
-0,677622	-0,159315
-0,451267	-0,392128
-0,186111	-0,478524
-0,925555	0,29141
-0,629778	-0,0165639
-0,748089	0,106626
-0,700764	0,0573498
-0,719694	0,0770601
-0,712122	0,069176
-0,715151	0,0723296
-0,572447	-0,23109
-0,771021	0,192436
-0,662951	-0,162157
-0,73482	0,164863
-0,706072	0,0340548
-0,550237	-0,256547
-0,779905	0,202619
-0,688038	0,0189525
-0,53049	-0,260811
-0,787804	0,204325
-0,680461	-0,159835
-0,453216	-0,393659
-0,818713	0,257464
-0,672515	-0,00298544
-0,730994	0,101194
-0,596033	-0,21549
-0,761587	0,186196
-0,695365	0,0255216
-0,721854	0,0897914
-0,711258	0,0640835
-0,56619	-0,2358
-0,335984	-0,405684
-0,865606	0,262274
-0,76277	-0,146915
-0,694892	0,158766
-0,591624	-0,157295
-0,386716	-0,356194
-0,151427	-0,425394
-0,939429	0,270158
-0,822029	-0,170452
-0,671188	0,168181
-0,731525	0,0327277
-0,56905	-0,267737
-0,77238	0,207095
-0,691048	0,0171621
-0,723581	0,0931352
-0,587175	-0,21865
-0,358794	-0,401044
-0,112266	-0,448311
-0,955094	0,279324
-0,617962	-0,0117297
-0,752815	0,104692
-0,614016	-0,22156
-0,378028	-0,413992
-0,848789	0,265597
-0,660485	-0,00623875
-0,735806	0,102496
-0,600211	-0,216426
-0,759916	0,18657
-0,696034	0,0253719
-0,539134	-0,259131
-0,784346	0,203652
-0,686262	0,0185391
-0,528974	-0,260415
-0,78841	0,204166
-0,680858	-0,160198
-0,727657	0,164079
-0,708937	0,0343683
-0,716425	0,0862527
-0,578984	-0,221018
-0,768406	0,188407
-0,659352	-0,164173
-0,736259	0,165669
-0,705496	0,0337323
-0,717801	0,0865071
-0,580132	-0,221375
-0,35235	-0,400298
-0,85906	0,260119
-0,656376	-0,00404767
-0,497227	-0,265627
-0,801109	0,206251
-0,679556	0,0174997
-0,728177	0,0930001
-0,708729	0,0628
-0,563754	-0,235764
-0,774498	0,194305
-0,666341	-0,162127
-0,441568	-0,389753
-0,823373	0,255901
-0,728124	-0,134864
-0,708751	0,153946
-0,600229	-0,166501
-0,389573	-0,366633
-0,844171	0,246653
-0,662332	0,00133878
-0,503908	-0,263915
-0,798437	0,205566
-0,689039	-0,163145
-0,724385	0,165258
-0,616635	-0,164158
-0,40298	-0,371414
-0,838808	0,248566
-0,73692	-0,146613
-0,501414	-0,406194
-0,218597	-0,509273
0,0375756	-0,474487
0,218352	-0,34558
0,304179	-0,1753
-1,12167	0,17012
-0,551331	0,0319521
-0,779467	0,0872192
-0,627283	-0,2455
-0,378535	-0,437494
-0,848586	0,274997
-0,754924	-0,130436
-0,521568	-0,401101
-0,235951	-0,513464
0,0260629	-0,484613
0,213653	-0,357881
-1,08546	0,243152
-0,922211	-0,249389
-0,601125	-0,55842
-0,233487	-0,664849
-0,906605	0,36594
-0,835396	-0,0845279
-0,665842	0,133811
-0,559564	-0,16464
-0,776174	0,165856
-0,656235	-0,184419
-0,424971	-0,402653
-0,830012	0,261061
-0,667995	-0,0044244
-0,732802	0,10177
-0,706879	0,0592921
-0,717248	0,0762832
-0,575622	-0,228924
-0,345903	-0,404231
-0,101194	-0,445577
0,101323	-0,379116
-1,04053	0,251646
-0,583788	-0,000658555
-0,443416	-0,234016
-0,24339	-0,355218
-0,902644	0,242087
-0,782844	-0,177071
-0,686862	0,170829
-0,590347	-0,144915
-0,390697	-0,346274
-0,15842	-0,419447
-0,936632	0,267779
-0,625347	-0,00711158
-0,749861	0,102845
-0,700056	0,0588621
-0,555587	-0,235287
-0,777765	0,194115
-0,668747	-0,163579
-0,442817	-0,391819
-0,822873	0,256728
-0,728075	-0,134036
-0,499722	-0,393098
-0,800111	0,257239
-0,71098	-0,124543
-0,715608	0,149817
-0,603789	-0,172382
-0,389927	-0,372526
-0,844029	0,24901
-0,662388	0,000395835
-0,735045	0,0998417
-0,598571	-0,218138
-0,367658	-0,405213
-0,117335	-0,455025
0,0928355	-0,392753
-1,03713	0,257101
-0,585146	-0,00284054
-0,443575	-0,236217
-0,24263	-0,356955
-0,0416168	-0,368338
-0,983353	0,247335
-0,606659	0,00106593
-0,461487	-0,241853
-0,253989	-0,368403
-0,898404	0,247361
-0,640638	0,00105546
-0,487307	-0,255453
-0,268172	-0,389067
-0,048184	-0,40296
0,124564	-0,325523
-1,04983	0,230209
-0,58007	0,00791629
-0,767972	0,0968335
-0,692811	0,0612666
-0,551043	-0,230562
-0,326568	-0,395644
-0,869373	0,258258
-0,764026	-0,151473
-0,520071	-0,42073
-0,226962	-0,527783
-0,909215	0,311113
-0,815449	-0,12724
-0,67382	0,150896
-0,730472	0,0396416
-0,571015	-0,262061
-0,329147	-0,427573
-0,868341	0,271029
-0,652664	-0,00841161
-0,738935	0,103365
-0,602936	-0,217017
-0,371425	-0,406107
-0,11984	-0,457211
-0,952064	0,282885
-0,836722	-0,165833
-0,569576	-0,460722
-0,248589	-0,577979
0,0422644	-0,5387
0,247601	-0,392506
-1,09904	0,257002
-0,938072	-0,244294
-0,615217	-0,560892
-0,753913	0,324357
-0,702717	-0,0550541
-0,512043	-0,322928
-0,795183	0,229171
-0,681927	0,00833154
-0,521597	-0,266439
-0,791361	0,206576
-0,683456	0,0173698
-0,526374	-0,260181
-0,78945	0,204072
-0,681611	-0,160685
-0,727355	0,164274
-0,6185	-0,166094
-0,7526	0,166438
-0,69896	0,033425
-0,720416	0,08663
-0,582168	-0,222328
-0,767133	0,188931
-0,658593	-0,163266
-0,736563	0,165306
-0,62591	-0,168992
-0,749636	0,167597
-0,700146	0,0329612
-0,545295	-0,255008
-0,781882	0,202003
-0,675032	-0,15923
-0,729987	0,163692
-0,708005	0,0345231
-0,551893	-0,256964
-0,316653	-0,41605
-0,0742362	-0,442859
-0,970306	0,277144
-0,84829	-0,177493
-0,660684	0,170997
-0,735726	0,0316011
-0,705709	0,0873596
-0,717716	0,0650562
-0,712914	0,0739775
-0,714835	0,070409
-0,571438	-0,232423
-0,341324	-0,405217
-0,863471	0,262087
-0,654612	-0,00483466
-0,738155	0,101934
-0,704738	0,0592265
-0,559291	-0,236883
-0,776283	0,194753
-0,689487	0,0220987
-0,532849	-0,259
-0,78686	0,2036
-0,685256	0,0185601
-0,725898	0,092576
-0,588713	-0,220001
-0,359421	-0,402686
-0,112086	-0,44981
0,0947389	-0,38669
0,226677	-0,255989
-1,09067	0,202395
-0,909868	-0,282448
-0,578521	-0,578608
-0,208233	-0,67115
0,110203	-0,593367
0,321101	-0,406878
-1,12844	0,262751
-0,548624	-0,00510043
-0,78055	0,10204
-0,68778	0,0591839
-0,724888	0,0763264
-0,581446	-0,231947
-0,34912	-0,408858
-0,860352	0,263543
-0,655859	-0,00541729
-0,496286	-0,266461
-0,801486	0,206584
-0,679406	0,0173663
-0,728238	0,0930535
-0,708705	0,0627786
-0,716518	0,0748886
-0,713393	0,0700446
-0,714643	0,0719822
-0,571921	-0,231151
-0,3422	-0,404443
-0,0982948	-0,444257
-0,960682	0,277703
-0,841199	-0,173219
-0,570024	-0,468126
-0,77199	0,28725
-0,701613	-0,0904858
-0,497031	-0,349414
-0,237978	-0,464367
-0,904809	0,285747
-0,638077	-0,0142988
-0,744769	0,10572
-0,702092	0,0577122
-0,556675	-0,236976
-0,328283	-0,402771
-0,0883863	-0,437419
0,107794	-0,367793
0,229041	-0,236405
0,268633	-0,0880516
0,239382	0,040534
0,165717	0,126559
-1,06629	0,0493766
-0,830128	-0,388988
-0,475302	-0,627683
-0,809879	0,351073
-0,755937	-0,0571361
-0,697625	0,122854
-0,72095	0,0508582
-0,71162	0,0796567
-0,572694	-0,224109
-0,770922	0,189644
-0,661758	-0,16424
-0,735297	0,165696
-0,625104	-0,16819
-0,407803	-0,377866
-0,836879	0,251146
-0,736486	-0,14388
-0,705405	0,157552
-0,599129	-0,162423
-0,390369	-0,363093
-0,843852	0,245237
-0,662459	0,00190516
-0,504231	-0,263536
-0,277801	-0,40198
-0,0503371	-0,416625
-0,979865	0,26665
-0,851357	-0,189292
-0,659457	0,175717
-0,736217	0,0297133
-0,705513	0,0881147
-0,571436	-0,215238
-0,771426	0,186095
-0,69143	0,0255619
-0,535711	-0,257145
-0,304283	-0,409715
-0,878287	0,263886
-0,773052	-0,150762
-0,690779	0,160305
-0,723688	0,0358782
-0,710525	0,0856487
-0,574258	-0,219117
-0,770297	0,187647
-0,691881	0,0249413
-0,535806	-0,257797
-0,785677	0,203119
-0,685729	0,0187525
-0,528655	-0,26004
-0,297762	-0,409092
-0,880895	0,263637
-0,774935	-0,151994
-0,690026	0,160798
-0,588739	-0,153804
-0,764504	0,161522
-0,694198	0,0353913
-0,541747	-0,250782
-0,783301	0,200313
-0,675434	-0,161083
-0,448897	-0,392596
-0,820441	0,257039
-0,726351	-0,132827
-0,70946	0,153131
-0,716216	0,0387476
-0,713514	0,0845009
-0,576071	-0,221185
-0,34934	-0,398529
-0,860264	0,259411
-0,757565	-0,146953
-0,696974	0,158781
-0,72121	0,0364875
-0,711516	0,085405
-0,715394	0,065838
-0,713843	0,0736648
-0,714463	0,0705341
-0,571206	-0,232179
-0,771518	0,192872
-0,663502	-0,162025
-0,734599	0,16481
-0,624219	-0,168584
-0,750312	0,167434
-0,699875	0,0330265
-0,72005	0,0867894
-0,71198	0,0652842
-0,715208	0,0738863
-0,573113	-0,22993
-0,343594	-0,403992
-0,862563	0,261597
-0,654975	-0,00463865
-0,495926	-0,265515
-0,270697	-0,400162
-0,0456652	-0,412402
-0,981734	0,264961
-0,607306	-0,00598431
-0,459159	-0,247471
-0,249973	-0,371741
-0,900011	0,248697
-0,639996	0,000521383
-0,486605	-0,255602
-0,267579	-0,3889
-0,892968	0,25556
-0,78088	-0,162962
-0,528284	-0,436203
-0,788686	0,274481
-0,684525	-0,00979247
-0,72619	0,103917
-0,709524	0,0584332
-0,562612	-0,2394
-0,774955	0,19576
-0,66727	-0,161204
-0,442644	-0,389423
-0,18064	-0,473019
-0,927744	0,289208
-0,820769	-0,1513
-0,671693	0,16052
-0,731323	0,035792
-0,707471	0,0856832
-0,717012	0,0657267
-0,57122	-0,236852
-0,339386	-0,408496
-0,0945351	-0,446211
0,106638	-0,376934
-1,04266	0,250774
-0,892727	-0,226474
-0,587883	-0,529211
-0,235107	-0,637354
0,0762604	-0,578432
-1,0305	0,331373
-0,915732	-0,160358
-0,631813	-0,488165
-0,284912	-0,623731
0,0329594	-0,588
0,260249	-0,433696
-1,1041	0,273479
-0,948507	-0,233796
-0,620597	0,193518
-0,549061	-0,101165
-0,376821	-0,29651
-0,849272	0,218604
-0,732888	-0,17357
-0,706845	0,169428
-0,717262	0,0322288
-0,713095	0,0871085
-0,714762	0,0651566
-0,569282	-0,236386
-0,772287	0,194554
-0,691085	0,0221783
-0,534096	-0,259579
-0,786362	0,203831
-0,685455	0,0184674
-0,528333	-0,260147
-0,297474	-0,409045
-0,0624626	-0,429864
0,124474	-0,351682
-1,04979	0,240673
-0,894109	-0,237005
-0,584721	-0,537767
-0,229281	-0,642591
-0,908288	0,357037
-0,636685	-0,0428146
-0,466755	-0,287213
-0,239848	-0,404984
-0,904061	0,261994
-0,791884	-0,162509
-0,683247	0,165004
-0,585269	-0,147896
-0,765892	0,159158
-0,693643	0,0363367
-0,541703	-0,249841
-0,311758	-0,406561
-0,0743118	-0,433689
0,116999	-0,359329
-1,0468	0,243731
-0,89306	-0,233484
-0,585332	-0,534672
-0,230984	-0,640483
-0,907607	0,356193
-0,636957	-0,0424774
-0,467097	-0,287066
-0,813161	0,214826
-0,703933	-0,161997
-0,470191	-0,404691
-0,811924	0,261876
-0,721813	-0,125744
-0,711275	0,150297
-0,71549	0,039881
-0,713804	0,0840476
-0,57611	-0,221645
-0,769556	0,188658
-0,660326	-0,164442
-0,73587	0,165777
-0,625572	-0,168357
-0,749771	0,167343
-0,700091	0,0330628
-0,719963	0,0867749
-0,581882	-0,222036
-0,767247	0,188815
-0,693101	0,0244742
-0,536547	-0,25864
-0,785381	0,203456
-0,685847	0,0186176
-0,725661	0,092553
-0,709736	0,0629788
-0,716106	0,0748085
-0,574164	-0,229588
-0,344529	-0,404152
-0,100181	-0,444967
0,101849	-0,378248
-1,04074	0,251299
-0,891482	-0,225309
-0,587403	-0,527827
-0,235295	-0,63611
0,0756195	-0,577562
-1,03025	0,331025
-0,915398	-0,16052
-0,633841	0,164208
-0,746464	0,0343167
-0,701415	0,0862733
-0,719434	0,0654907
-0,712226	0,0738037
-0,570813	-0,2288
-0,342298	-0,402213
-0,863081	0,260885
-0,654768	-0,00435411
-0,495882	-0,265216
-0,801647	0,206086
-0,691687	-0,164033
-0,723325	0,165613
-0,615973	-0,163464
-0,753611	0,165386
-0,698556	0,0338457
-0,720578	0,0864617
-0,711769	0,0654153
-0,56711	-0,234992
-0,773156	0,193997
-0,665197	-0,161825
-0,44082	-0,389066
-0,823672	0,255626
-0,728241	-0,135193
-0,708703	0,154077
-0,600246	-0,166383
-0,389633	-0,366549
-0,149502	-0,434431
0,0601509	-0,389968
0,201702	-0,272315
0,26222	-0,126279
0,249798	0,00891587
-1,09992	0,0964337
-0,874512	-0,366678
-0,517958	-0,62848
-0,142256	-0,684828
0,165817	-0,577372
-1,06633	0,330949
-0,942788	-0,17501
-0,622885	0,170004
-0,750846	0,0319985
-0,699662	0,0872006
-0,720135	0,0651198
-0,711946	0,0739521
-0,715222	0,0704192
-0,571736	-0,23257
-0,771306	0,193028
-0,691478	0,0227888
-0,723409	0,0908845
-0,586145	-0,220291
-0,357353	-0,401879
-0,857059	0,260752
-0,657177	-0,00430068
-0,737129	0,10172
-0,705148	0,0593119
-0,717941	0,0762752
-0,712824	0,0694899
-0,714871	0,072204
-0,572183	-0,231073
-0,771127	0,192429
-0,663028	-0,162204
-0,43902	-0,388487
-0,824392	0,255395
-0,670243	-0,00215785
-0,731903	0,100863
-0,596591	-0,216105
-0,366967	-0,402876
-0,117745	-0,452973
-0,952902	0,281189
-0,836681	-0,167457
-0,665327	0,166983
-0,572442	-0,139224
-0,379366	-0,334787
-0,154404	-0,406185
-0,938239	0,262474
-0,818051	-0,175815
-0,67278	0,170326
-0,730888	0,0318696
-0,707645	0,0872522
-0,716942	0,0650991
-0,713223	0,0739603
-0,714711	0,0704159
-0,714116	0,0718337
-0,571461	-0,231053
-0,34189	-0,404185
-0,863244	0,261674
-0,654702	-0,00466954
-0,495706	-0,26543
-0,801718	0,206172
-0,691774	-0,163996
-0,72329	0,165599
-0,710684	0,0337606
-0,553624	-0,258616
-0,317308	-0,417997
-0,873077	0,267199
-0,650769	-0,00687958
-0,491833	-0,265536
-0,803267	0,206214
-0,678693	0,0175142
-0,522813	-0,258167
-0,790875	0,203267
-0,68365	0,0186934
-0,72654	0,0925227
-0,589179	-0,220299
-0,359657	-0,403099
-0,856137	0,26124
-0,75516	-0,143913
-0,516357	-0,411438
-0,227856	-0,519235
-0,908858	0,307694
-0,636457	-0,0230777
-0,474476	-0,272122
-0,81021	0,208849
-0,675916	0,0164605
-0,729634	0,0934158
-0,591888	-0,220857
-0,361492	-0,404607
-0,112891	-0,452098
-0,954844	0,280839
-0,618063	-0,0123357
-0,464793	-0,2566
-0,814083	0,20264
-0,674367	0,018944
-0,730253	0,0924224
-0,707899	0,063031
-0,563215	-0,235256
-0,333941	-0,404081
-0,866423	0,261632
-0,763135	-0,147729
-0,694746	0,159092
-0,722102	0,0363634
-0,711159	0,0854546
-0,715536	0,0658181
-0,570135	-0,236193
-0,338825	-0,40756
-0,86447	0,263024
-0,762207	-0,14589
-0,520921	-0,415759
-0,229597	-0,524345
0,0352446	-0,490341
0,222922	-0,358561
0,312845	-0,183338
-1,12514	0,173335
-0,549945	0,030666
-0,780022	0,0877336
-0,62791	-0,245331
-0,748836	0,198133
-0,648368	-0,148954
-0,433178	-0,372552
-0,180195	-0,456411
-0,927922	0,282564
-0,628831	-0,0130258
-0,748468	0,10521
-0,610919	-0,219427
-0,376528	-0,411132
-0,849389	0,264453
-0,751317	-0,138771
-0,515492	-0,405993
-0,793803	0,262397
-0,682479	-0,00495886
-0,5167	-0,27676
-0,79332	0,210704
-0,687205	-0,157193
-0,725118	0,162877
-0,709953	0,0348491
-0,716019	0,0860603
-0,578598	-0,221002
-0,351334	-0,399401
-0,859466	0,25976
-0,656213	-0,00390411
-0,737515	0,101562
-0,704994	0,0593753
-0,559546	-0,236872
-0,330506	-0,403841
-0,867798	0,261537
-0,652881	-0,00461461
-0,494344	-0,264659
-0,802263	0,205864
-0,679095	0,0176545
-0,728362	0,0929382
-0,708655	0,0628247
-0,716538	0,0748701
-0,574517	-0,229714
-0,344747	-0,404389
-0,862101	0,261756
-0,65516	-0,00470229
-0,737936	0,101881
-0,601584	-0,217745
-0,759366	0,187098
-0,696253	0,0251608
-0,539217	-0,259379
-0,306053	-0,412815
-0,0674745	-0,436161
-0,97301	0,274464
-0,849273	-0,180611
-0,660291	0,172245
-0,570719	-0,13321
-0,380462	-0,329527
-0,15734	-0,402626
0,0414717	-0,368932
0,179091	-0,263799
0,241629	-0,128851
0,235178	-0,00127518
0,179246	0,0931022
0,0989858	0,142456
-1,03959	0,0430176
-0,584162	0,082793
-0,766335	0,0668828
-0,693466	0,0732469
-0,556333	-0,221719
-0,777467	0,188688
-0,66635	-0,167584
-0,73346	0,167034
-0,706616	0,0331865
-0,717354	0,0867254
-0,713059	0,0653098
-0,568048	-0,235588
-0,337482	-0,406266
-0,0939796	-0,443755
0,106078	-0,374846
-1,04243	0,249938
-0,892223	-0,227019
-0,643111	0,190808
-0,742756	0,0236769
-0,702898	0,0905292
-0,718841	0,0637883
-0,712464	0,0744847
-0,715015	0,0702061
-0,713994	0,0719175
-0,571403	-0,23094
-0,771439	0,192376
-0,691424	0,0230495
-0,534702	-0,259052
-0,786119	0,203621
-0,685552	0,0185517
-0,52844	-0,260122
-0,788624	0,204049
-0,68455	0,0183805
-0,72618	0,0926478
-0,709528	0,0629409
-0,716189	0,0748236
-0,713524	0,0700705
-0,570307	-0,232156
-0,340571	-0,404561
-0,0970092	-0,443695
-0,961196	0,277478
-0,8415	-0,173595
-0,570102	-0,468533
-0,245865	-0,584126
0,0467931	-0,542281
-1,01872	0,316913
-0,90099	-0,166633
-0,639604	0,166653
-0,744158	0,0333387
-0,702337	0,0866645
-0,719065	0,0653342
-0,572623	-0,237972
-0,770951	0,195189
-0,663998	-0,160037
-0,440624	-0,387227
-0,179983	-0,470542
-0,928007	0,288217
-0,628797	-0,0152867
-0,748481	0,106115
-0,700608	0,0575541
-0,555483	-0,236502
-0,777807	0,194601
-0,688877	0,0221597
-0,532411	-0,25871
-0,787036	0,203484
-0,679541	-0,160167
-0,452384	-0,393543
-0,186395	-0,480046
0,0503584	-0,439393
0,21403	-0,313795
0,288181	-0,152873
0,280166	-0,000910955
-1,11207	0,100364
-0,555173	0,0598542
-0,445873	-0,17658
-0,268232	-0,31255
-0,892707	0,22502
-0,768466	-0,186068
-0,692614	0,174427
-0,722954	0,0302292
-0,710818	0,0879083
-0,575385	-0,217517
-0,769846	0,187007
-0,692062	0,0251973
-0,723175	0,0899211
-0,585582	-0,22093
-0,35667	-0,40214
-0,857332	0,260856
-0,755915	-0,144682
-0,516622	-0,412324
-0,793351	0,26493
-0,68266	-0,00597191
-0,516432	-0,277602
-0,281448	-0,417551
-0,0468799	-0,429918
0,136338	-0,345489
-1,05454	0,238196
-0,578186	0,00472169
-0,768726	0,0981113
-0,623476	-0,232926
-0,75061	0,19317
-0,699756	0,0227319
-0,720098	0,0909072
-0,583637	-0,21895
-0,355984	-0,399856
-0,110606	-0,446285
0,0944537	-0,383419
-1,03778	0,253367
-0,890061	-0,222553
-0,587425	-0,525165
-0,236377	-0,634095
-0,905449	0,353638
-0,829597	-0,0934147
-0,593128	-0,402834
-0,762749	0,261134
-0,6949	-0,00445341
-0,72204	0,101781
-0,589463	-0,211462
-0,363407	-0,396496
-0,854637	0,258599
-0,658145	-0,00343941
-0,498815	-0,265872
-0,800474	0,206349
-0,67981	0,0174605
-0,728076	0,0930158
-0,590544	-0,220538
-0,763782	0,188215
-0,694487	0,0247139
-0,722205	0,0901145
-0,711118	0,0639542
-0,715553	0,0744183
-0,573587	-0,229663
-0,344061	-0,403979
-0,0998949	-0,444649
0,101939	-0,377891
0,22863	-0,246421
-1,09145	0,198569
-0,563419	0,0205726
-0,436428	-0,209733
-0,825429	0,183893
-0,700883	-0,190413
-0,456506	-0,425067
-0,176918	-0,505653
0,0678039	-0,455064
0,233556	-0,318727
0,304994	-0,14881
0,291319	0,00890195
0,217842	0,123293
-1,08714	0,0506827
-0,846497	-0,396336
-0,661401	0,258534
-0,73544	-0,00341373
-0,705824	0,101365
-0,576973	-0,205292
-0,356382	-0,386811
-0,116126	-0,436529
-0,953549	0,274612
-0,834542	-0,172715
-0,666183	0,169086
-0,733527	0,0323656
-0,706589	0,0870538
-0,571829	-0,216475
-0,771268	0,18659
-0,691493	0,025364
-0,723403	0,0898544
-0,710639	0,0640582
-0,565709	-0,235571
-0,33571	-0,405318
-0,0930127	-0,442326
-0,962795	0,27693
-0,614882	-0,0107721
-0,754047	0,104309
-0,698381	0,0582765
-0,55408	-0,235062
-0,327076	-0,400279
-0,86917	0,260112
-0,652332	-0,00404472
-0,739067	0,101618
-0,602338	-0,218397
-0,759065	0,187359
-0,651833	-0,161233
-0,4309	-0,38327
-0,174176	-0,463645
0,0530846	-0,422041
-1,02123	0,268816
-0,591506	-0,0075265
-0,763397	0,103011
-0,621386	-0,227071
-0,381425	-0,421128
-0,121432	-0,472628
0,0967629	-0,40777
0,236648	-0,2712
-1,09466	0,20848
-0,915333	-0,279419
-0,583885	-0,578491
-0,212356	-0,673208
-0,915057	0,369283
-0,633977	-0,0477132
-0,746409	0,119085
-0,614905	-0,208059
-0,754038	0,183224
-0,698385	0,0267106
-0,720646	0,0893158
-0,583417	-0,220378
-0,766633	0,188151
-0,657902	-0,163658
-0,736839	0,165463
-0,705264	0,0338147
-0,717894	0,0864741
-0,712842	0,0654104
-0,567924	-0,235425
-0,77283	0,19417
-0,665019	-0,161563
-0,733992	0,164625
-0,623684	-0,168482
-0,750526	0,167393
-0,699789	0,0330429
-0,720084	0,0867828
-0,711966	0,0652869
-0,567209	-0,235169
-0,337012	-0,405612
-0,0938841	-0,44307
-0,962446	0,277228
-0,84235	-0,174285
-0,66306	0,169714
-0,571811	-0,136241
-0,771276	0,154496
-0,69149	0,0382014
-0,540813	-0,247563
-0,311993	-0,404473
-0,0753252	-0,432196
-0,96987	0,272879
-0,612052	-0,00915143
-0,755179	0,103661
-0,697928	0,0585358
-0,55384	-0,234684
-0,327045	-0,399896
-0,0885956	-0,434739
-0,964562	0,273895
-0,614175	-0,0095582
-0,46295	-0,252934
-0,250668	-0,37741
-0,0395438	-0,387099
-0,984182	0,25484
-0,849915	-0,199995
-0,565937	-0,491962
-0,773625	0,296785
-0,706669	-0,0838936
-0,503511	-0,346427
-0,244098	-0,464689
-0,902361	0,285876
-0,639056	-0,0143502
-0,744378	0,10574
-0,608023	-0,217389
-0,756791	0,186955
-0,697284	0,0252178
-0,721087	0,0899129
-0,711565	0,0640349
-0,715374	0,0743861
-0,573439	-0,229616
-0,770625	0,191846
-0,662413	-0,162447
-0,438455	-0,388425
-0,824618	0,25537
-0,670153	-0,00214795
-0,731939	0,100859
-0,707224	0,0596563
-0,561353	-0,237551
-0,331608	-0,40508
-0,867357	0,262032
-0,653057	-0,0048128
-0,738777	0,101925
-0,704489	0,05923
-0,559104	-0,236781
-0,776359	0,194712
-0,689457	0,0221151
-0,724217	0,091154
-0,586867	-0,22041
-0,357855	-0,402258
-0,856858	0,260903
-0,755573	-0,144457
-0,516453	-0,412016
-0,227698	-0,519714
-0,908921	0,307886
-0,636432	-0,0231542
-0,745427	0,109262
-0,610229	-0,215132
-0,377722	-0,407592
-0,124032	-0,460859
0,0900795	-0,399865
-1,03603	0,259946
-0,585587	-0,00397843
-0,765765	0,101591
-0,622618	-0,229097
-0,381551	-0,423161
-0,120715	-0,474222
-0,951714	0,289689
-0,839178	-0,160522
-0,573567	-0,457668
-0,770573	0,283067
-0,698863	-0,0930982
-0,493896	-0,3503
-0,235241	-0,463786
-0,905903	0,285515
-0,802692	-0,14537
-0,678923	0,158148
-0,579241	-0,151377
-0,768304	0,160551
-0,692679	0,0357797
-0,722929	0,0856881
-0,710829	0,0657248
-0,715669	0,0737101
-0,713733	0,070516
-0,570643	-0,231901
-0,771743	0,19276
-0,663629	-0,162199
-0,734549	0,16488
-0,624209	-0,168511
-0,750316	0,167404
-0,637202	-0,172899
-0,415114	-0,386284
-0,833954	0,254514
-0,666418	-0,0018055
-0,505756	-0,267939
-0,277199	-0,405936
-0,0482964	-0,419391
-0,980681	0,267756
-0,85242	-0,188778
-0,572328	-0,484439
-0,241194	-0,597105
-0,903522	0,338842
-0,638591	-0,0355368
-0,471114	-0,282444
-0,811554	0,212978
-0,675378	0,0148089
-0,519211	-0,258897
-0,291042	-0,404446
-0,0594134	-0,423796
-0,976235	0,269518
-0,609506	-0,00780729
-0,460102	-0,249736
-0,815959	0,199894
-0,673616	0,0200422
-0,730553	0,0919831
-0,592014	-0,222314
-0,361005	-0,405764
-0,112058	-0,452783
-0,955177	0,281113
-0,617929	-0,0124453
-0,752828	0,104978
-0,614141	-0,221348
-0,378208	-0,413881
-0,848717	0,265552
-0,751246	-0,137667
-0,51588	-0,405125
-0,793648	0,26205
-0,707993	-0,118301
-0,490754	-0,373106
-0,803698	0,249242
-0,710508	-0,132055
-0,487164	-0,384565
-0,805134	0,253826
-0,677946	-0,00153041
-0,728822	0,100612
-0,708471	0,0597551
-0,56234	-0,237975
-0,775064	0,19519
-0,689974	0,0219241
-0,53315	-0,259327
-0,301463	-0,410349
-0,879415	0,26414
-0,648234	-0,00565584
-0,490396	-0,263592
-0,267264	-0,396488
-0,0445252	-0,408237
-0,98219	0,263295
-0,607124	-0,00531785
-0,459287	-0,246891
-0,250302	-0,371352
-0,0416885	-0,382348
-0,983325	0,252939
-0,848502	-0,201096
-0,564423	-0,492234
-0,232068	-0,599867
-0,907173	0,339947
-0,637131	-0,0359787
-0,745148	0,114391
-0,612069	-0,211122
-0,380724	-0,40528
-0,847711	0,262112
-0,660916	-0,00484478
-0,735634	0,101938
-0,705747	0,0592248
-0,560057	-0,237288
-0,775977	0,194915
-0,689609	0,022034
-0,724156	0,0911864
-0,710337	0,0635254
-0,715865	0,0745898
-0,573893	-0,229658
-0,344296	-0,404097
-0,862282	0,261639
-0,75999	-0,146067
-0,696004	0,158427
-0,721598	0,0366293
-0,563066	-0,260801
-0,774773	0,20432
-0,670556	-0,154626
-0,447772	-0,385738
-0,820891	0,254295
-0,671644	-0,00171808
-0,731343	0,100687
-0,707463	0,0597251
-0,717015	0,07611
-0,713194	0,069556
-0,56985	-0,232415
-0,34012	-0,404575
-0,096661	-0,443525
-0,961336	0,27741
-0,615466	-0,010964
-0,753814	0,104386
-0,698475	0,0582458
-0,72061	0,0767017
-0,578344	-0,229951
-0,768662	0,19198
-0,692535	0,0232079
-0,53561	-0,259376
-0,303313	-0,41137
-0,878675	0,264548
-0,773612	-0,150414
-0,52778	-0,423759
-0,231609	-0,533169
0,0372447	-0,497852
-1,0149	0,299141
-0,594041	-0,0196563
-0,443609	-0,252555
-0,23612	-0,369385
-0,905552	0,247754
-0,637779	0,000898351
-0,744888	0,0996407
-0,702045	0,0601437
-0,719182	0,0759425
-0,712327	0,069623
-0,569218	-0,232017
-0,772313	0,192807
-0,691075	0,0228772
-0,534368	-0,259043
-0,786253	0,203617
-0,678999	-0,159752
-0,7284	0,163901
-0,70864	0,0344397
-0,552342	-0,257282
-0,779063	0,202913
-0,673253	-0,157412
-0,448708	-0,388934
-0,820517	0,255574
-0,725822	-0,133971
-0,498037	-0,392147
-0,800785	0,256859
-0,679686	-0,00274348
-0,728126	0,101097
-0,593814	-0,214416
-0,365532	-0,400482
-0,117612	-0,450579
0,0908468	-0,389485
0,224838	-0,25967
0,274745	-0,107414
-1,1099	0,142966
-0,556041	0,0428137
-0,777584	0,0828745
-0,624113	-0,248049
-0,375107	-0,438162
-0,109816	-0,483046
-0,956074	0,293218
-0,617571	-0,0172874
-0,462439	-0,260167
-0,815025	0,204067
-0,67399	0,0183733
-0,519582	-0,255632
-0,292629	-0,402113
-0,882948	0,260845
-0,775379	-0,154937
-0,689848	0,161975
-0,589075	-0,152839
-0,76437	0,161135
-0,694252	0,0355458
-0,54185	-0,250686
-0,311531	-0,407261
-0,0738594	-0,434131
0,117519	-0,359483
0,233108	-0,2262
0,267642	-0,0786686
0,234875	0,0472687
0,159598	0,129874
0,0693446	0,162544
-0,0123156	0,151271
-0,0698682	0,11004
-0,972053	0,0559841
-0,761154	-0,346273
-0,695539	0,238509
-0,624013	-0,0969484
-0,435471	-0,323286
-0,825812	0,229314
-0,719343	-0,156046
-0,484282	-0,406332
-0,806287	0,262533
-0,717791	-0,12299
-0,712883	0,149196
-0,714847	0,0403216
-0,714061	0,0838714
-0,576235	-0,221882
-0,349186	-0,399125
-0,860326	0,25965
-0,65587	-0,00385994
-0,496917	-0,265281
-0,271544	-0,400381
-0,891382	0,260152
-0,643447	-0,00406091
-0,487395	-0,260465
-0,266234	-0,392912
-0,0451735	-0,405107
-0,981931	0,262043
-0,851084	-0,19362
-0,569376	-0,487585
-0,237692	-0,598315
0,0586801	-0,549796
-1,02347	0,319918
-0,590611	-0,0279674
-0,763756	0,111187
-0,694498	0,0555252
-0,550028	-0,2356
-0,323782	-0,399067
-0,0864471	-0,432804
0,107422	-0,36351
0,227044	-0,233299
0,265873	-0,0864893
-1,10635	0,134596
-0,55746	0,0461617
-0,442135	-0,187901
-0,260862	-0,319659
-0,895655	0,227863
-0,641738	0,00885461
-0,743305	0,0964582
-0,702678	0,0614167
-0,558602	-0,234395
-0,33078	-0,401581
-0,0907603	-0,437513
-0,963696	0,275005
-0,614522	-0,0100021
-0,463036	-0,25341
-0,814786	0,201364
-0,699783	-0,172878
-0,462684	-0,4113
-0,18712	-0,497662
0,0568537	-0,453071
-1,02274	0,281228
-0,889775	-0,195363
-0,598084	-0,504386
-0,252789	-0,622567
-0,898884	0,349027
-0,640446	-0,0396107
-0,470895	-0,286283
-0,811642	0,214513
-0,675343	0,0141948
-0,518939	-0,259349
-0,290654	-0,404681
-0,0590245	-0,423819
0,124669	-0,345712
0,233033	-0,212874
0,262255	-0,0685707
-1,1049	0,127428
-0,890697	-0,345115
-0,643721	0,238046
-0,742511	0,00478155
-0,702995	0,0980874
-0,573511	-0,206652
-0,770595	0,182661
-0,691762	0,0269357
-0,536513	-0,256234
-0,785395	0,202493
-0,685842	0,0190026
-0,528841	-0,259895
-0,297961	-0,409057
-0,062828	-0,430067
-0,974869	0,272027
-0,610052	-0,00881079
-0,755979	0,103524
-0,615954	-0,223713
-0,37864	-0,416403
-0,848544	0,266561
-0,751518	-0,136831
-0,699393	0,154732
-0,593431	-0,16216
-0,386144	-0,360615
-0,149223	-0,428525
0,058	-0,385368
-1,0232	0,254147
-0,59072	-0,00165888
-0,763712	0,100664
-0,620687	-0,228981
-0,751725	0,191592
-0,647948	-0,15508
-0,430409	-0,37704
-0,176294	-0,458714
0,0495018	-0,41914
0,205277	-0,298746
-1,08211	0,219498
-0,910204	-0,266026
-0,585345	-0,566261
-0,218357	-0,664496
0,0998468	-0,59236
0,312828	-0,410255
-1,12513	0,264102
-0,96074	-0,249335
-0,630429	-0,573791
-0,747829	0,329516
-0,700156	-0,048699
-0,512639	-0,317074
-0,262776	-0,446032
-0,0212972	-0,444095
-0,991481	0,277638
-0,603408	-0,0110551
-0,454168	-0,249765
-0,245261	-0,371488
-0,901895	0,248595
-0,639242	0,000561853
-0,744303	0,0997753
-0,702279	0,0600899
-0,557768	-0,235243
-0,329806	-0,401892
-0,089896	-0,43736
-0,964042	0,274944
-0,614383	-0,00997765
-0,46294	-0,253336
-0,814824	0,201335
-0,6998	-0,172915
-0,462682	-0,411336
-0,187104	-0,497688
-0,925158	0,299075
-0,629937	-0,01963
-0,748025	0,107852
-0,70079	0,0568592
-0,719684	0,0772563
-0,712126	0,0690975
-0,715149	0,072361
-0,572458	-0,231065
-0,771017	0,192426
-0,662943	-0,162163
-0,734823	0,164865
-0,624411	-0,168632
-0,4071	-0,377925
-0,83716	0,25117
-0,665136	-0,000467924
-0,505316	-0,26641
-0,797874	0,206564
-0,689009	-0,162161
-0,458783	-0,398846
-0,189137	-0,486636
-0,924345	0,294654
-0,820364	-0,145801
-0,671854	0,15832
-0,731258	0,0366719
-0,570425	-0,264633
-0,32767	-0,429291
-0,0773128	-0,457329
0,124174	-0,378495
-1,04967	0,251398
-0,898308	-0,228805
-0,640677	0,191522
-0,743729	0,0233912
-0,702508	0,0906435
-0,570164	-0,212114
-0,348479	-0,389272
-0,860609	0,255709
-0,756346	-0,149905
-0,697462	0,159962
-0,594056	-0,157414
-0,388517	-0,357257
-0,15237	-0,426922
-0,939052	0,270769
-0,821987	-0,169837
-0,671205	0,167935
-0,57729	-0,140852
-0,3824	-0,337963
-0,155438	-0,409812
-0,937825	0,263925
-0,818317	-0,174547
-0,552102	-0,459982
-0,779159	0,283993
-0,688336	-0,0135972
-0,517697	-0,285668
-0,279182	-0,424187
-0,0425038	-0,434055
0,141319	-0,346883
0,246156	-0,207104
0,26992	-0,0589364
0,228714	0,0631762
0,148552	0,139499
-1,05942	0,0442003
-0,82284	-0,390176
-0,670864	0,25607
-0,612285	-0,0737321
-0,435844	-0,30095
-0,825663	0,22038
-0,669735	0,0118479
-0,732106	0,0952608
-0,594505	-0,220444
-0,363646	-0,40534
-0,114235	-0,453516
0,0945878	-0,390367
0,228033	-0,258843
-1,09121	0,203537
-0,563515	0,018585
-0,435705	-0,211281
-0,246623	-0,334856
-0,0534915	-0,35314
0,100602	-0,289783
0,192371	-0,179994
0,2182	-0,0598471
-1,08728	0,123939
-0,875908	-0,340718
-0,529403	-0,609309
-0,788239	0,343724
-0,684704	-0,0374895
-0,726118	0,114996
-0,597848	-0,20305
-0,760861	0,18122
-0,650742	-0,166617
-0,739703	0,166647
-0,704119	0,0333413
-0,548467	-0,256308
-0,314311	-0,414181
-0,0732044	-0,440502
0,120565	-0,364063
-1,04823	0,245625
-0,894902	-0,232615
-0,587079	-0,534748
-0,765168	0,313899
-0,707088	-0,0675038
-0,717165	0,127002
-0,595846	-0,190345
-0,761662	0,176138
-0,649318	-0,1708
-0,740273	0,16832
-0,629935	-0,168186
-0,748026	0,167274
-0,70079	0,0330902
-0,719684	0,0867639
-0,712126	0,0652944
-0,567334	-0,235227
-0,773066	0,194091
-0,690773	0,0223637
-0,533933	-0,259313
-0,302064	-0,410651
-0,0653083	-0,432921
-0,973877	0,273168
-0,610449	-0,00926728
-0,460235	-0,251223
-0,815906	0,200489
-0,700284	-0,173991
-0,46262	-0,412347
-0,814952	0,264939
-0,674019	-0,00597547
-0,509864	-0,274149
-0,277837	-0,412299
-0,888865	0,26492
-0,781505	-0,154207
-0,532261	-0,4298
-0,787096	0,27192
-0,685162	-0,00876793
-0,517216	-0,280728
-0,793114	0,212291
-0,682755	0,0150835
-0,726898	0,0939666
-0,590029	-0,219345
-0,763988	0,187738
-0,655726	-0,162915
-0,433186	-0,386106
-0,826726	0,254442
-0,730088	-0,137314
-0,707965	0,154926
-0,716814	0,0380297
-0,559991	-0,257823
-0,322464	-0,419942
-0,871015	0,267977
-0,651594	-0,00719068
-0,492335	-0,266103
-0,803066	0,206441
-0,692906	-0,164331
-0,722837	0,165732
-0,710865	0,033707
-0,55374	-0,258729
-0,778504	0,203491
-0,67306	-0,156748
-0,730776	0,162699
-0,62047	-0,168659
-0,751812	0,167464
-0,699275	0,0330145
-0,72029	0,0867942
-0,711884	0,0652823
-0,715246	0,0738871
-0,573142	-0,229944
-0,770743	0,191978
-0,691703	0,0232089
-0,723319	0,0907164
-0,586009	-0,220383
-0,357214	-0,401895
-0,110724	-0,448325
0,0951796	-0,385017
0,226343	-0,254541
0,273837	-0,102914
0,249282	0,0313204
0,176926	0,123516
-1,07077	0,0505935
-0,834023	-0,389857
-0,477915	-0,629901
-0,808834	0,35196
-0,755498	-0,0560439
-0,551761	-0,344793
-0,281421	-0,482747
-0,0207815	-0,479456
-0,991687	0,291782
-0,603325	-0,016713
-0,75867	0,106685
-0,696532	0,0573259
-0,721387	0,0770696
-0,711445	0,0691721
-0,568367	-0,232007
-0,339156	-0,403672
-0,864338	0,261469
-0,654265	-0,00458758
-0,738294	0,101835
-0,601837	-0,217923
-0,370227	-0,406356
-0,851909	0,262543
-0,659236	-0,00501703
-0,499013	-0,267507
-0,800395	0,207003
-0,691101	-0,162836
-0,723559	0,165134
-0,615959	-0,163922
-0,753616	0,165569
-0,698553	0,0337725
-0,720579	0,086491
-0,711769	0,0654036
-0,715293	0,0738386
-0,573158	-0,23
-0,3436	-0,404063
-0,86256	0,261625
-0,760196	-0,146189
-0,519273	-0,415182
-0,228575	-0,523247
-0,90857	0,309299
-0,814233	-0,128361
-0,567473	-0,423247
-0,26198	-0,548657
-0,895208	0,319463
-0,641917	-0,0277851
-0,743233	0,111114
-0,609303	-0,212847
-0,756279	0,185139
-0,697488	0,0259445
-0,721005	0,0896222
-0,583812	-0,220289
-0,355582	-0,400945
-0,857767	0,260378
-0,756054	-0,14522
-0,697578	0,158088
-0,593395	-0,158885
-0,762642	0,163554
-0,64503	-0,180756
-0,41792	-0,395386
-0,832832	0,258155
-0,666867	-0,00326182
-0,733253	0,101305
-0,597794	-0,21631
-0,3678	-0,403513
-0,85288	0,261405
-0,658848	-0,00456209
-0,4989	-0,267006
-0,80044	0,206803
-0,691056	-0,163006
-0,46	-0,400307
-0,189477	-0,488233
-0,924209	0,295293
-0,820516	-0,145261
-0,565488	-0,438605
-0,773805	0,275442
-0,690478	-0,0101768
-0,723809	0,104071
-0,591723	-0,21043
-0,763311	0,184172
-0,653785	-0,165354
-0,738486	0,166141
-0,704606	0,0335434
-0,718158	0,0865826
-0,712737	0,0653669
-0,714905	0,0738532
-0,714038	0,0704587
-0,570852	-0,232067
-0,771659	0,192827
-0,663592	-0,162115
-0,734563	0,164846
-0,706175	0,0340615
-0,71753	0,0863754
-0,712988	0,0654498
-0,714805	0,0738201
-0,57278	-0,229819
-0,770888	0,191927
-0,691645	0,023229
-0,534942	-0,259004
-0,302954	-0,41082
-0,878818	0,264328
-0,773633	-0,150638
-0,690547	0,160255
-0,723781	0,0358979
-0,710487	0,0856408
-0,715805	0,0657437
-0,570309	-0,236357
-0,771876	0,194543
-0,691249	0,0221829
-0,7235	0,0911268
-0,586311	-0,220144
-0,357539	-0,401834
-0,110996	-0,448409
-0,955602	0,279364
-0,838003	-0,169924
-0,664799	0,16797
-0,73408	0,0328121
-0,706368	0,0868752
-0,717453	0,0652499
-0,713019	0,0739
-0,571454	-0,229044
-0,342688	-0,402655
-0,862925	0,261062
-0,65483	-0,00442477
-0,495901	-0,265295
-0,80164	0,206118
-0,691693	-0,164006
-0,723323	0,165602
-0,615966	-0,163471
-0,402746	-0,370625
-0,157837	-0,442773
-0,936865	0,277109
-0,625254	-0,0108437
-0,470856	-0,258343
-0,811658	0,203337
-0,675337	0,0186652
-0,520722	-0,255949
-0,791711	0,20238
-0,683316	0,0190481
-0,726674	0,0923808
-0,70933	0,0630477
-0,716268	0,0747809
-0,713493	0,0700876
-0,57029	-0,232131
-0,340568	-0,404535
-0,0970176	-0,443674
-0,961193	0,27747
-0,615523	-0,0109878
-0,463402	-0,25456
-0,250362	-0,378826
-0,899855	0,251531
-0,640058	-0,000612221
-0,486199	-0,256488
-0,266916	-0,389411
-0,893234	0,255764
-0,642707	-0,00230574
-0,487535	-0,258835
-0,804986	0,203534
-0,693203	-0,167309
-0,722719	0,166923
-0,710912	0,0332306
-0,553586	-0,25911
-0,778566	0,203644
-0,673167	-0,156657
-0,730733	0,162663
-0,620422	-0,168669
-0,751831	0,167468
-0,638379	-0,173457
-0,415785	-0,387179
-0,161125	-0,46057
-0,93555	0,284228
-0,62578	-0,0136912
-0,749688	0,105476
-0,700125	0,0578094
-0,71995	0,0768762
-0,71202	0,0692495
-0,715192	0,0723002
-0,713923	0,0710799
-0,714431	0,071568
-0,714228	0,0713728
-0,571362	-0,231448
-0,341656	-0,404445
-0,0978806	-0,444041
0,103227	-0,376623
-1,04129	0,250649
-0,891641	-0,226023
-0,643344	0,190409
-0,565105	-0,112627
-0,384429	-0,311638
-0,167511	-0,390617
-0,932996	0,256247
-0,626802	-0,00249866
-0,47537	-0,25262
-0,809852	0,201048
-0,695907	-0,171144
-0,721637	0,168458
-0,615827	-0,160627
-0,403778	-0,368408
-0,159508	-0,441501
-0,936197	0,2766
-0,82215	-0,164262
-0,559129	-0,453699
-0,776348	0,28148
-0,702617	-0,0966148
-0,495343	-0,354474
-0,801863	0,24179
-0,706132	-0,136985
-0,717547	0,154794
-0,607254	-0,169375
-0,393763	-0,371627
-0,842495	0,248651
-0,663002	0,000539712
-0,734799	0,0997841
-0,70608	0,0600864
-0,560656	-0,236766
-0,775738	0,194707
-0,667443	-0,162318
-0,44233	-0,390339
-0,823068	0,256136
-0,670773	-0,00245425
-0,508806	-0,270174
-0,278623	-0,408855
-0,888551	0,263542
-0,780716	-0,155129
-0,687714	0,162051
-0,587483	-0,151926
-0,765007	0,160771
-0,645713	-0,183817
-0,741715	0,173527
-0,633114	-0,164805
-0,746754	0,165922
-0,701298	0,0336311
-0,546439	-0,25496
-0,781424	0,201984
-0,68743	0,0192065
-0,725028	0,0923174
-0,709989	0,063073
-0,564821	-0,23606
-0,774072	0,194424
-0,690371	0,0222304
-0,723851	0,0911078
-0,710459	0,0635569
-0,715816	0,0745773
-0,573851	-0,229648
-0,77046	0,191859
-0,691816	0,0232564
-0,723274	0,0906975
-0,710691	0,063721
-0,715724	0,0745116
-0,71371	0,0701954
-0,714516	0,0719219
-0,571801	-0,231146
-0,77128	0,192458
-0,663156	-0,162244
-0,734738	0,164897
-0,706105	0,034041
-0,550256	-0,256571
-0,315566	-0,415096
-0,873773	0,266039
-0,770483	-0,14732
-0,526639	-0,420157
-0,232183	-0,529975
-0,907127	0,31199
-0,637149	-0,0247959
-0,474315	-0,273705
-0,250998	-0,397742
-0,0316616	-0,402683
0,13701	-0,318703
0,231609	-0,18741
0,250987	-0,0497883
-1,10039	0,119915
-0,884266	-0,349022
-0,532433	-0,618963
-0,157064	-0,683386
-0,937174	0,373354
-0,62513	-0,0493417
-0,749948	0,119737
-0,700021	0,0521053
-0,719992	0,0791579
-0,578857	-0,227837
-0,348797	-0,404699
-0,860481	0,261879
-0,655807	-0,00475178
-0,737677	0,101901
-0,704929	0,0592397
-0,559442	-0,236949
-0,330396	-0,403858
-0,0895577	-0,439091
0,107572	-0,369532
-1,04303	0,247813
-0,891827	-0,228874
-0,586239	-0,530675
-0,233272	-0,637809
-0,906691	0,355123
-0,637323	-0,0420494
-0,467546	-0,286887
-0,24058	-0,405052
-0,02082	-0,404072
0,145806	-0,315423
0,236981	-0,181399
0,252665	-0,0430707
-1,10107	0,117228
-0,559574	0,0531087
-0,446519	-0,183467
-0,265968	-0,318043
-0,0749187	-0,3481
0,0823016	-0,294523
0,180358	-0,190917
-1,07214	0,176367
-0,571143	0,0294533
-0,771543	0,0882187
-0,62166	-0,241571
-0,751336	0,196628
-0,649667	-0,151097
-0,433308	-0,3747
-0,826677	0,24988
-0,669329	4,79608e-05
-0,508709	-0,267695
-0,796516	0,207078
-0,681394	0,0171688
-0,727443	0,0931325
-0,709023	0,062747
-0,563956	-0,235921
-0,774417	0,194369
-0,690233	0,0222526
-0,533478	-0,259181
-0,301771	-0,410369
-0,0651983	-0,432589
0,123485	-0,354847
0,235787	-0,22029
0,267314	-0,0731052
-1,10693	0,129242
-0,55723	0,0483032
-0,777108	0,0806787
-0,689157	0,0677285
-0,550851	-0,224189
-0,77966	0,189676
-0,688136	0,0241298
-0,532635	-0,256916
-0,302037	-0,40831
-0,879185	0,263324
-0,648326	-0,00532962
-0,74067	0,102132
-0,603762	-0,218648
-0,3714	-0,407677
-0,85144	0,263071
-0,659424	-0,0052283
-0,73623	0,102091
-0,705508	0,0591635
-0,717797	0,0763346
-0,712881	0,0694662
-0,569576	-0,232358
-0,339935	-0,404423
-0,0965812	-0,443335
-0,961368	0,277334
-0,841573	-0,173773
-0,663371	0,169509
-0,734652	0,0321963
-0,706139	0,0871215
-0,717544	0,0651514
-0,712982	0,0739394
-0,571442	-0,228999
-0,771423	0,1916
-0,662921	-0,162954
-0,734831	0,165181
-0,706067	0,0339274
-0,550182	-0,256642
-0,779927	0,202657
-0,673807	-0,157952
-0,730477	0,163181
-0,620435	-0,168174
-0,404261	-0,375986
-0,838296	0,250394
-0,737262	-0,145019
-0,705095	0,158007
-0,717962	0,036797
-0,56037	-0,259219
-0,322194	-0,421154
-0,871123	0,268462
-0,651551	-0,00738471
-0,73938	0,102954
-0,704248	0,0588184
-0,558756	-0,236997
-0,776498	0,194799
-0,668058	-0,162552
-0,442703	-0,390763
-0,180149	-0,474061
-0,92794	0,289624
-0,821084	-0,151062
-0,563599	-0,443241
-0,251039	-0,562303
0,0341311	-0,527766
-1,01365	0,311106
-0,894818	-0,16902
-0,612454	-0,486383
-0,270912	-0,614632
0,0399599	-0,575485
-1,01598	0,330194
-0,593606	-0,0320777
-0,762557	0,112831
-0,624676	-0,219271
-0,75013	0,187709
-0,699948	0,0249166
-0,541927	-0,261043
-0,783229	0,204417
-0,686708	0,0182332
-0,725317	0,0927067
-0,709873	0,0629173
-0,716051	0,0748331
-0,574132	-0,229547
-0,344521	-0,404109
-0,100193	-0,444931
0,101826	-0,378225
