524
498
472
446
394
342
316
290
264
238
212
160
108
82
56
30
4
278
226
174
148
122
96
70
344
292
240
214
188
162
136
110
58
6
6
6
6
6
280
228
176
150
124
98
72
346
294
242
216
190
164
138
112
60
8
8
8
8
8
282
230
178
152
126
100
74
348
296
244
218
192
166
140
114
62
10
10
10
10
10
284
232
180
154
128
102
76
350
298
246
220
194
168
142
116
64
12
12
12
12
12
286
234
182
156
130
104
78
352
300
248
222
196
170
144
118
66
14
14
14
14
14
288
236
184
158
132
106
80
354
302
250
224
198
172
146
120
68
16
16
16
16
16
290
238
186
160
134
108
82
356
304
252
226
200
174
148
122
70
18
18
18
18
18
292
240
188
162
136
110
84
358
306
254
228
202
176
150
124
72
20
20
20
20
20
294
242
190
164
138
112
86
360
308
256
230
204
178
152
