65.43
67.06
68.91
70.8
72.26
73.63
73.64
71.74
72.89
74.32
75.57
77.37
75.7
75.96
78.04
78.28
79.41
77.45
76.04
77.11
78.72
77
79.03
77.54
76.08
74.11
72.23
72.24
74.19
75.75
74.11
74.75
72.89
71.26
72.92
73.63
72.04
70.16
72.24
70.25
71.67
73.1
74.36
72.81
71.02
72.37
72.58
70.73
69.03
70
68.27
68.97
67.49
67.79
68.91
69.81
67.84
69.35
69.71
67.77
69.61
71.64
73.26
73.27
74.29
75.55
76.38
76.71
78.13
79.71
81.35
79.41
77.7
78.58
77.02
75.13
73.45
71.93
72.96
74.28
75.78
76.88
77.36
75.79
77.34
79.17
80.76
79.02
79.25
80.26
81.26
81.64
79.85
81.54
79.87
80
81.01
79.17
80.29
81.6
82.75
83.09
84.09
85.17
86
84.14
86.19
86.34
87.75
86.13
87.39
88.8
89.88
91.83
93.53
93.72
94.47
94.65
92.86
94.21
96.18
96.18
94.72
95.97
94.21
95.42
93.76
94.56
92.73
93.24
94.61
95.66
96.73
98.18
96.62
98.19
99.72
100.95
99.54
101.54
101.73
101.74
100.01
98.39
96.49
97.95
96.33
94.86
96.17
97.44
98.68
99.99
100.81
100.92
102.29
100.76
102.48
102.72
104.6
106.69
106.85
107.25
108.44
110.27
110.94
109.26
110.98
111.8
110.07
110.79
109.17
107.31
107.72
105.87
106.22
107.4
108.01
106.27
108.33
109.22
107.37
107.76
108.37
109.22
107.78
109.71
107.74
109.77
111.27
109.41
109.72
108.19
109.68
110.39
111.28
112.56
113.15
114.21
114.89
114.91
112.97
111.12
111.44
113.24
111.26
109.56
109.82
111.61
110.11
111.72
111.85
113.24
114.79
113.2
113.27
111.75
112.97
114.74
115.57
116.87
114.98
115.04
113.31
114.96
116.8
115.36
116.53
117.96
118.03
119.61
120.03
121.42
119.78
117.8
118.56
119.36
121.42
122.84
123.27
124.11
122.69
123.41
124.95
123.43
124.69
126.35
128.3
130.11
131.28
129.41
130.46
128.5
130.22
128.71
129.2
127.53
127.7
126.09
126.84
127.17
127.26
127.33
128.84
130.11
130.8
131.66
133.33
135
133.07
133.78
132.02
130.4
132.28
132.39
130.94
129.53
129.55
130.43
130.89
129.18
129.96
130.33
130.64
130.78
129.14
130.85
131.24
131.37
129.88
131.79
129.98
130.77
129.31
130.67
128.88
127.1
128.56
126.64
127.5
127.51
128.83
126.93
128.9
129.55
130
129.8
131.47
131.77
132.02
133.83
135.18
137.03
138.52
137.19
135.95
137
137.67
136.63
137.87
139.09
140.12
138.57
138.84
140.71
140.85
138.95
140.37
139.33
141.26
142.92
145.3
143.49
145.41
147.4
146.27
148.38
150.67
150.84
149.73
148.35
150.61
148.95
147.17
147.86
149.49
147.9
146.46
144.76
146.64
146.84
145.82
147.2
149.23
150.75
151.95
154.04
155.46
157.47
155.78
154.39
155.92
154.42
153.37
154.38
152.55
150.98
151.24
153.69
155.26
153.86
152.09
150.44
152.88
153.57
151.8
153.21
154.75
153.43
152.27
151
152.36
150.48
151.6
149.7
150.75
149.3
149.42
147.55
148.07
149.9
151.68
153.25
152.23
150.25
148.8
146.96
145.48
147.35
145.4
145.47
146.12
147.22
148.13
149.9
147.96
146.51
147.87
149.41
150.39
149.35
147.81
145.85
147.65
148
149.16
148.12
146.75
148.88
150.14
149.12
147.93
145.99
144.71
145.03
146.52
146.65
148.26
146.6
147.83
150.03
151.15
149.95
150.98
149.25
151.06
149.65
148.22
146.25
146.91
145.85
146.31
144.6
143.56
143.61
143.98
142.51
144.03
142.49
140.54
138.89
137.61
138.3
136.81
135.43
134
134.07
135.07
133.7
132.12
132.2
134.63
136.87
138.55
137.23
135.35
133.85
134.45
136.01
134.69
136.71
135.55
138.04
136.3
136.91
137.52
136.02
134.65
133.62
134.27
134.35
133.19
132.1
132.3
131.23
130.09
131.73
130.03
128.21
128.51
127.47
126.24
128.41
128.56
128.58
127.41
129.69
128.27
126.99
127.03
127.11
